SampleID	PC1	PC2	PC3	PC4	total_c	no3	nh4	po4	mbc	mbn	mbp	ph	soil_depth
Sample1a10EJP	-0.241227054	0.0725268953	0.168363702	0.101122545	41.613	0.338	1.292	1.002	2450.05	202.567	2.219	3.505	10
Sample1a10LJP	-0.083724129	0.169554291	0.1506063205	-0.062108563	40.957	0.581	3.171	0	1049.327	97.257	0	3.75	10
Sample1a10SS2	-0.228665609	0.1014219799	0.1375125443	0.037532624	42.91	0	4.053	6.46	5409.515	449.657	18.887	3.32	10
Sample1a20LJP	0.209244284	0.1509397165	-0.0280044673	-0.174722422	0.725	0.519	0.213	5.004	10.682	1.374	0	5.74	20
Sample1a30LJP	0.37825354	-0.013754908	-0.1113119829	0.036261036	0.664	0.365	0.243	1.486	42.78	1.795	0.697	6.025	30
Sample1a5EJP	-0.358152321	-0.1070304338	-0.2156830208	-0.051630199	43.91	1.997	1.337	25.904	4884.545	391.286	144.795	3.46	5
Sample1a5LJP	-0.236735139	0.1081914413	0.1673644291	0.018618517	43.124	0.463	4.011	0.95	3066.06	286.074	12.767	3.64	5
Sample1a5SS1	-0.364279244	-0.1356582395	-0.2398523938	-0.042049521	44.688	1.143	2.265	0	5444.729	337.72	127.573	3.41	5
Sample1a5SS2	-0.376439878	-0.1056902695	-0.2259657136	-0.072760167	44.736	0	1.685	29.977	5908.79	418.219	148.493	3.47	5
Sample1AOne	-0.334019867	0.0070196053	-0.0266651967	0.037923609	43.112	0.317	2.262	0.5	2840.445	240.393	10.744	3.42	5
Sample1ARem	-0.3617352	-0.0855342695	-0.1896983603	-0.045124559	46.785	0.309	2.991	1.472	5633.087	474.436	11.005	3.36	5
Sample1ASea	-0.363051481	-0.1077645159	-0.2046103825	-0.034788773	43.385	1.026	2.273	0.944	3257.575	233.183	4.238	3.34	5
Sample1ATea	-0.332934621	-0.0197282839	-0.0039714997	0.05949716	44.536	0.634	3.127	2.449	3109.801	359.866	22.019	3.38	5
Sample1AWes	-0.3355932	-0.0251267664	-0.0867049645	-0.01388075	44.08	0.016	2.878	2.152	3873.745	298.938	10.744	3.4	5
Sample1AXXX	-0.294550825	0.0581098132	0.1031484168	0.071512241	45.432	1.133	4.134	0.234	3010.974	268.652	3.487	3.49	5
Sample1AYes	-0.334535983	-0.0266023844	-0.1013464826	-0.043822413	43.492	3.047	2.751	0.012	3155.7	236.136	2.145	3.3	5
Sample1b10EJP	-0.183611352	0.0407891282	0.2136879444	0.070447987	39.051	0.63	1.442	0.296	1792.552	120.853	0.191	3.805	10
Sample1b10SS1	-0.304993899	-0.0102608976	-0.0216479116	0.04675512	42.186	0.734	2.218	2.432	3349.003	257.036	8.83	3.2	10
Sample1b10SS2	-0.309805847	-0.0449079821	-0.1439760068	-0.032295593	44.11	0	1.974	11.487	4105.243	331.184	59.809	3.46	10
Sample1b20LJP	0.331345392	0.0807495241	-0.1005050896	-0.105431809	1.355	0.314	0.136	20.373	27.505	1.531	0.348	5.83	20
Sample1b5EJP	-0.337689466	-0.0241874548	0.0374730215	0.047875856	45.921	1.366	2.094	3.91	4014.289	315.886	61.226	3.365	5
Sample1b5LJP	-0.279111065	0.0723941437	0.1536264795	0.058891917	42.104	0	4.247	1.071	3185.964	287.885	9.675	3.65	5
Sample1b5SS1	-0.359103612	-0.1223596014	-0.218206769	-0.043680031	43.996	1.337	3.186	10.27	5963.069	357.868	106.578	3.34	5
Sample1b5SS2	-0.371920765	-0.1332890553	-0.2273889848	-0.058891268	44.254	0	1.218	26.269	6569.332	409.147	170.946	3.54	5
Sample1BEas	-0.330542512	-0.0002132425	-0.0459588916	0.007289143	43.11	0.025	2.725	2.152	3689.441	301.381	10.744	3.55	5
Sample1BRem	-0.312341355	0.0431009527	0.0487229971	0.02737519	43.792	0.3	2.716	1.472	4065.695	315.259	13.208	3.4	5
Sample1BSea	-0.284418758	0.0642154192	0.1043748333	0.052904816	43.551	0.671	1.773	0.918	3492.591	293.985	6.759	3.36	5
Sample1BTea	-0.370542777	-0.1044264149	-0.1576329938	0.029754325	44.536	0.634	3.127	2.449	3109.801	359.866	22.019	3.38	5
Sample1BXXX	-0.208367879	0.0268652922	0.2159586709	0.108185649	39.947	0.108	4.84	0.18	1941.598	223.123	1.45	3.68	5
Sample1BYes	-0.316904505	0.0303126144	-0.0237213639	-0.028892458	42.688	0.904	3.128	0.333	3139.369	265.995	2.713	3.41	5
Sample1BZeb	-0.308427502	0.0490431265	0.1197044095	0.079658846	43.329	0.993	1.834	2.286	3846.935	346.243	35.956	3.47	5
Sample1CSea	-0.373728146	-0.0276548863	-0.0820771814	0.008143678	44.431	0.652	2.668	1.617	3778.092	339.432	13.208	3.365	5
Sample1CZeb	-0.367546609	-0.107138709	-0.1847510442	-0.005935392	45.086	0.993	1.834	2.286	3846.935	346.243	35.956	3.47	5
Sample1EOne	-0.338941872	0.0033119326	-0.0048005356	0.032283979	45.954	0.83	3.034	3.803	4354.135	364.81	10.744	3.42	5
Sample2a10EJP	-0.359314852	-0.042433733	-0.1498783736	-0.039782402	41.408	0.263	2.338	0.271	3570.892	280.733	6.697	3.33	10
Sample2a10LJP	-0.172455484	0.1402343292	0.1872358689	0.044192231	37.878	0.185	2.611	0.347	1959.26	185.651	0.415	3.47	10
Sample2a10SS1	-0.277612147	0.0646872849	0.0649638194	0.06280392	42.106	0.502	5.29	1.02	3260.16	198.18	1.44	3.485	10
Sample2a10SS2	-0.226187004	0.095090084	0.1630322283	0.082547014	36.845	4.28	2.019	1.384	3634.817	251.11	7.901	3.363	10
Sample2a10WPM	-0.356648765	-0.1331714396	-0.1547540515	0.047401311	45.539	0.719	0.932	7.153	6372.068	363.3	92.139	3.47	10
Sample2a20LJP	0.18827881	0.1747801627	0.0125665966	-0.170377047	5.372	1.04	0.484	0.596	130.305	10.7	0.468	4.63	20
Sample2a30LJP	0.356359471	0.0613049038	-0.1080602469	-0.074565481	2.716	0.299	0.24	27.85	20.415	0.657	0	5.25	30
Sample2a5EJP	-0.331904218	-0.0281801415	0.0087473041	0.026165677	42.249	0.76	2.027	0.877	3387.424	298.617	15.096	3.32	5
Sample2a5LJP	-0.303518283	0.0474955384	0.0920564297	0.084777075	41.971	0.131	3.482	0.423	2720.981	280.31	3.251	3.47	5
Sample2a5SS1	-0.359983985	-0.0439312347	-0.0936912855	0.014155879	44.703	1.004	5.621	3.793	4435.076	494.577	34.716	3.4	5
Sample2a5SS2	-0.349408314	-0.0633760582	-0.1838224002	-0.075394365	44.941	0	1.506	22.627	5758.851	451.08	155.781	3.44	5
Sample2a5WPM	-0.376636473	-0.1302773109	-0.21284134	-0.036487585	44.989	0.942	2.011	21.908	7001.728	391.331	168.625	3.56	5
Sample2ARem	-0.123636554	0.1476510798	0.2106152963	0.020353963	42.3	0.133	1.588	0.029	1457.606	107.03	2.538	3.84	10
Sample2ASea	-0.071477515	0.1276738918	0.1966458433	0.076990374	36.291	0.575	1.354	0	1543.455	132.271	0.043	3.92	10
Sample2ATea	-0.193217009	0.1085896083	0.1258812345	-0.021161568	41.119	0.336	1.859	0.408	1359.935	120.344	4.624	3.88	10
Sample2AWes1	-0.1995749	0.1035812009	0.1617325502	0.097353055	23.322	0	1.318	0.442	1161.287	93.005	1.232	3.59	10
Sample2AWes2	-0.186565634	0.1138215213	0.1823141558	0.069066746	23.322	0	1.318	0.442	1161.287	93.005	1.232	3.41	10
Sample2AXXX	-0.042323	0.1409384182	0.2054875216	0.0305144	35.489	0.629	3.153	0.134	1433.038	137.092	1.858	3.7	10
Sample2AYes	-0.102487064	0.1730839266	0.1661841804	-0.033965428	42.621	0.782	1.747	0	1336.912	121.864	0.238	3.74	10
Sample2b10EJP	-0.336317751	-0.0629470633	-0.1642338269	-0.072601679	44.095	1.148	1.521	10.567	3084.424	280.627	88.461	3.547	10
Sample2b10LJP	-0.060936549	0.1668864883	0.132790561	-0.042908845	40.765	0.238	2.959	0.102	1072.711	99.186	0.153	3.76	10
Sample2b10SS1	-0.270698178	0.0579897021	0.1032288253	0.101456408	44.148	0.996	5.827	4.199	4146.511	421.988	17.459	3.36	10
Sample2b10SS2	-0.25809716	0.0685143259	0.1404609869	0.123121528	42.47	0	3.014	3.45	5145.083	389.358	23.293	3.36	10
Sample2b20LJP	0.186666402	0.176749156	0.0280330045	-0.183995897	2.396	0.624	0.367	0.774	56.164	4.535	0.239	5.11	20
Sample2b5LJP	-0.361590627	-0.0660006368	-0.1695726321	-0.0397096	41.487	0.846	3.448	2.652	3080.568	266.314	33.833	3.39	5
Sample2b5SS1	-0.359106295	-0.072980108	-0.1371590767	0.037143097	44.011	1.314	7.038	29.704	6874.197	688.145	157.685	3.47	5
Sample2b5SS2	-0.371431201	-0.055749031	-0.1662709344	-0.048920643	45.535	0	1.232	24.242	6446.222	429.588	179.866	3.49	5
Sample2b5WPM	-0.371542213	-0.1161232105	-0.1686328605	0.00554506	47.371	0.7	1.991	13.432	6690.152	365.789	153.488	3.47	5
Sample2BEas	-0.226739988	0.0380324264	0.176034327	0.137104114	44.399	0.204	2.436	0.442	2145.995	194.252	1.232	3.5	10
Sample2BOne	-0.080951928	0.1558062376	0.1650770418	-0.004054382	28.547	0.778	1.089	0.313	565.265	46.576	1.232	3.94	10
Sample2BRem	-0.200158603	0.0680553045	0.1683380637	0.096035667	42.693	0.419	4.828	0.33	2123.731	234.837	2.237	3.84	10
Sample2BTea	-0.012302733	0.1590413859	0.0970964697	-0.096001586	41.119	0.336	1.859	0.408	1359.935	120.344	4.624	3.88	10
Sample2BXXX	-0.040392743	0.1353114016	0.2002411105	0.029093925	36.987	0.249	7.564	0	286.591	16.419	0.297	3.92	10
Sample2BZeb	-0.194876977	0.0809333488	0.1490107486	0.103706473	39.229	0.957	2.162	0.334	1644.758	170.723	3.364	3.775	10
Sample2c5EJP	-0.321278897	0.0088602603	0.0378882821	0.083471128	42.832	0.915	2.234	1.653	3950.421	325.107	10.914	3.33	5
Sample2CEas	-0.237717339	0.0862618134	0.160756658	0.087991673	43.586	0.204	2.436	0.442	2145.995	194.252	1.232	3.63	10
Sample2CSea	-0.135889325	0.117958025	0.1620779885	0.044308406	35.337	0.277	1.458	0	1428.619	126.15	0.729	3.86	10
Sample2CWes1	-0.297194312	0.0545306167	0.0969565238	0.076710545	42.437	0	3.503	0.442	3711.727	319.887	1.232	3.63	10
Sample2CWes2	-0.317629559	0.0503815941	0.080379317	0.042264499	42.437	0	3.503	0.442	3711.727	319.887	1.232	3.63	10
Sample2CYes	-0.165369827	0.1328874789	0.1587928325	0.01344977	43.115	0.202	2.13	0	2263.267	207.357	2.025	3.77	10
Sample2CZeb	-0.119794537	0.1410848152	0.1555101243	0.01551816	37.931	0.957	2.162	0.334	1633.663	169.094	3.364	3.775	10
Sample2EOne	-0.23561087	0.0591236117	0.1522715197	0.072923122	46.855	0.449	3.885	0.57	2564.674	293.15	1.232	3.71	10
Sample3a10SS1	-0.316111951	0.0055511374	-0.017664748	0.045935029	44.045	0	6.737	9.709	4412.504	489.171	0.631	3.348	10
Sample3a10WPM	-0.288017224	0.0353786158	0.0964649909	0.105858082	45.373	0.565	1.666	2.617	4720.509	271.226	10.759	3.31	10
Sample3a5SS1	-0.337138116	-0.1203966156	-0.2187206234	-0.053852883	43.853	0.042	7.139	35.237	4935.673	534.658	156.43	3.405	5
Sample3a5WPM	-0.350415656	-0.124889803	-0.2170841363	-0.047811176	45.343	0.844	1.256	15.225	6977.526	319.496	120.586	3.515	5
Sample3AOne	0.276709351	0.1199940081	-0.0249432445	-0.094669334	1.181	0.508	0.179	2.891	11.839	1.496	0.818	5.75	20
Sample3ARem	0.140322172	0.1660780818	0.0144500143	-0.155143599	9.049	0.637	1.458	0.97	157.278	6.421	2.001	4.46	20
Sample3ATea	0.148713063	0.1786704894	0.0384283179	-0.135992175	3.251	0.192	0.333	1.965	53.096	3.809	0.755	4.96	20
Sample3AWes	0.014604504	0.1775390154	0.1065128874	-0.124393643	2.126	0.079	0.482	1.525	70.683	6.144	0.818	4.89	20
Sample3AYes	0.192805282	0.1614772248	-0.0062321816	-0.21600164	3.321	0	0.38	3.937	39.532	2.865	1.089	4.623	20
Sample3AZeb	0.287613757	0.121495491	-0.0037647222	-0.112923969	4.594	0.32	0.452	3.539	57.798	5.404	1.372	4.42	20
Sample3b10WPM	-0.334118223	-0.0168494783	-0.0311715696	0.054052394	44.094	0.477	1.472	4.074	5395.984	298.258	32.341	3.24	10
Sample3b5SS2	-0.366438266	-0.1085645335	-0.1988934784	-0.029224451	43.803	0	1.714	6.034	4812.309	354.671	80.74	3.41	5
Sample3b5WPM	-0.354116323	-0.0993651159	-0.2018937358	-0.063857266	44.749	0.663	1.774	10.539	5901.208	328.409	97.774	3.495	5
Sample3BEas	0.198691343	0.1412415619	0.0211317033	-0.183892091	1.613	0.269	0.481	1.525	70.622	5.912	0.818	5.37	20
Sample3BOne	0.154293551	0.1695015542	0.0526020991	-0.15751245	6.982	0.487	0.728	0.159	14.194	4.761	0.818	4.335	20
Sample3BRem	0.185542572	0.1232448579	-0.0312801306	-0.06064817	1.842	0.637	0.324	1.346	31.716	2.147	1.625	5.215	20
Sample3BSea	0.179275188	0.158339994	0.0077443899	-0.150394734	2.072	0.841	0.319	2.025	40.797	3.784	0.699	5.395	20
Sample3BTea	0.24983415	0.1195979897	0.0020042231	-0.064411399	3.408	0.493	0.514	2.407	60.592	3.548	1.116	4.96	20
Sample3BWes	0.137336668	0.1771653694	0.0329979799	-0.187353931	5.427	0	0.534	1.525	185.773	11.249	0.818	4.495	20
Sample3BXXX	0.22830628	0.1446785195	-0.0171378696	-0.21035934	4.718	0.237	0.543	2.127	17.209	2.654	0.284	4.58	20
Sample3CSea	0.314978803	0.1095500591	-0.0690885883	-0.12744066	0.827	0.156	0.134	5.729	20.074	1.577	0.502	6.02	20
Sample3CXXX	0.227755724	0.1518772447	-0.0195931662	-0.206561971	2.189	0.302	0.372	4.421	14.29	3.359	0.568	4.95	20
Sample3CYes	0.135043823	0.1643618295	0.050456936	-0.135057841	3.895	0.281	0.437	4.268	50.731	4.33	3.547	4.625	20
Sample3CZeb	0.130425093	0.1749374493	0.0210784748	-0.177549873	8.847	0.778	0.526	2.942	167.229	13.814	1.372	4.42	20
Sample4a10WPM	-0.264888171	0.0368679885	0.1194997989	0.123639088	42.287	0.249	1.815	2.135	3828.412	251.018	6.94	3.35	10
Sample4a5WPM	-0.365828935	-0.0889297608	-0.2000752933	-0.073422828	44.53	0.463	0.649	26.756	5620.877	334.723	174.731	3.32	5
Sample4AEas	0.315725954	0.0254139327	-0.0212455639	0.043276624	0.141	0.258	0.218	1.569	32.081	1.999	0.559	5.84	30
Sample4ARem	0.241291278	0.0966239387	-0.0514498586	-0.068979473	1.854	0.402	0.547	4.671	35.776	0	0	5.5	30
Sample4ASea	0.342253747	0.0873563443	-0.0622592814	-0.055073549	0.665	0.438	0.115	3.695	11.064	0.594	0	5.905	30
Sample4ATea	0.325589866	0.0362728638	-0.0675931226	0.047315671	1.153	0.296	0.22	8.884	22.835	0.837	0.856	5.93	30
Sample4AWes	0.297641247	0.0939862896	-0.0647420171	-0.099781359	0.869	0.29	0.244	1.569	18.619	1.651	0.559	5.74	30
Sample4AYes	0.316580954	0.064837336	-0.0881423528	-0.108007728	0.525	0.101	0.133	9.803	7.57	0.652	0	5.443	30
Sample4AZeb	0.313789239	0.0207429834	-0.0661072677	-0.041988905	0.728	0.233	0.143	10.162	8.325	0.636	0.531	5.255	30
Sample4BEas	0.263464555	0.0036834587	-0.0051302415	0.053561765	0.493	0.258	0.218	1.569	32.081	1.999	0.559	5.67	30
Sample4BRem	0.257576538	0.08902025	-0.0621134137	-0.056641557	1.134	0.193	0.216	4.362	3.761	0.816	1.52	5.63	30
Sample4BSea	0.377617862	0.0300934665	-0.1171772756	-0.040511045	0.662	0.265	0.064	20.858	18.092	1.117	0	6.107	30
Sample4BTea	0.283000149	0.0648284184	-0.0395503155	-0.029539192	1.452	0.182	0.158	10.835	45.481	1.656	2.761	5.93	30
Sample4BXXX	0.377498539	-0.0098951496	-0.1147298955	-0.004696438	0.306	0.021	0.105	10.535	2.719	0	0	5.817	30
Sample4BYes	0.355882697	0.0545400163	-0.1026237122	-0.029368982	0.355	0.182	0.104	8.733	4.83	0.544	1.729	5.755	30
Sample4CEas	0.199140723	0.0720392703	0.0383494338	-0.07443418	0.759	0.258	0.218	1.569	32.081	1.999	0.559	5.65	30
Sample4CWes	0.336329469	0.0799533471	-0.1017425473	-0.083547437	1.025	0.221	0.192	1.569	22.553	1.292	0.559	5.677	30
Sample4CXXX	0.351531288	0.0344493042	-0.1129907416	-0.013920728	0.37	0.151	0.115	13.253	2.607	0	0.926	5.795	30
Sample4CZeb	0.268982809	0.0997304702	-0.0617338635	-0.109107087	2.084	0.712	0.259	8.486	23.898	1.984	0	5.255	30
Sample4DEas	0.276418039	0.0910458321	-0.0482142099	-0.089330428	0.804	0.258	0.218	1.569	32.081	1.999	0.559	5.46	30
Sample4DOne	0.211259346	0.1478584025	-0.0066591596	-0.169183684	3.289	0.283	0.279	1.727	58.496	3.084	0.559	4.95	30
Sample4EOne	0.233736649	0.1287571273	-0.0099362551	-0.19794892	2.316	0.238	0.159	1.411	28.656	1.97	0.559	5.26	30
Sample5a10WPM	-0.050303739	0.097758512	0.1060095695	-0.002406163	16.756	0.524	0.881	1.698	556.6	39.185	5.885	4.015	10
Sample5a5WPM	-0.358794497	-0.0447956997	-0.123290535	-0.002469207	42.72	0.868	2.029	11.013	5905.948	347.496	95.561	3.44	5
Sample5ARem	0.343886636	-0.089113849	-0.0164409388	0.1923923	0.461	0.363	0.764	13.784	1.098	0	0	5.86	40
Sample5ASea	0.401777846	-0.0639295791	-0.0800144459	0.142359967	0.118	0.465	0.13	12.806	5.811	0.424	0	6.08	40
Sample5ATea	0.377067666	-0.033650478	-0.0524604051	0.09440573	0.902	0.097	0.081	22.76	1.1	0.043	3.358	6.13	40
Sample5AXXX	0.403807491	-0.0497370068	-0.0788128292	0.089347672	0.158	0.067	0.122	13.845	3.333	0.069	0	5.95	40
Sample5AZeb	0.390063665	-0.0866815299	-0.0477442558	0.160086405	0.413	0.241	0.128	13.184	4.467	0.162	1.558	5.977	40
Sample5b5WPM	-0.342457164	-0.02510701	-0.0695009744	0.052617226	42.304	0.682	2.673	2.763	4386.847	274.034	19.302	3.49	5
Sample5BRem	0.356513402	-0.0159558538	-0.0482691107	0.098509967	0.192	0.605	0.135	10.235	3.993	0.57	0	5.96	40
Sample5BSea	0.381796884	-0.0111421435	-0.0902238183	0.07044227	0.352	0.24	0.031	23.457	10.769	0.635	0	5.807	40
Sample5BTea	0.382486082	-0.0442869628	-0.0651340823	0.123845469	0.405	0.354	0.228	16.609	4.554	0.334	0.672	6.13	40
Sample5BXXX	0.36619188	0.0187157242	-0.1038957689	0.027690953	0.493	0.295	0.131	8.664	2.4	0.362	0	6.06	40
Sample5BYes	0.36495741	0.0159128251	-0.1120699885	0.030681667	0.558	0.35	0.117	18.654	7.581	0.142	0.644	5.84	40
Sample5CYes	0.368483684	-0.0534486647	-0.0659054276	0.072018547	0.722	0.018	0.144	13.558	5.885	0.147	7.145	5.59	40
Sample5CZeb	0.388502755	-0.0939488102	-0.0704469705	0.158930079	0.132	0.474	0.125	11.202	3.136	0.087	0	5.977	40
Sample6ARem	0.308029762	-0.1839270965	0.0140799672	0.216124679	0.338	0.425	0.23	10.895	4.984	0	0	5.945	50
Sample6ASea	0.391192773	-0.1515045226	-0.0441164542	0.238849326	0.164	0.195	0.085	16.273	6.252	0.525	1.492	5.915	50
Sample6ATea	0.397962815	-0.1071919631	-0.0475343754	0.186710442	0.433	0.127	0.056	27.935	4.03	0.387	1.133	6.003	50
Sample6BRem	0.307787318	-0.147513639	0.0041176537	0.211779902	0.691	0.458	0.133	35.649	6.67	0.493	3.861	5.87	50
Sample6BSea	0.38806775	-0.074269169	-0.0721308398	0.168417383	0.13	0.138	0.112	12.832	4.676	0.251	0.57	6.21	50
Sample6BTea	0.391428148	-0.1691174745	-0.0300469529	0.204688297	0.351	0.269	0.123	20.717	5.322	0.331	1.411	6.003	50
SampleFiEas	0.280184552	0.0310312363	-0.0341959316	0.047562287	0.551	0.189	0.202	3.35	38.226	4.01	1.558	5.94	40
SampleFiiEas	0.253568285	0.0585787107	-0.032124558	-0.002631995	0.303	0.189	0.202	3.35	38.226	4.01	1.558	5.695	40
SampleFiiiRem	0.141937077	-0.6432573058	0.2673109242	-0.169109413	0.199	0.042	0.934	25.903	3.638	0.2	0	6.037	60
SampleFiiiYes	0.378656671	-0.189758205	-0.0225032902	0.225757471	0.204	0	0.062	12.768	4.868	0.194	0.087	5.78	50
SampleFiiOne	0.369066191	-0.0537310197	-0.0675865825	0.108776345	1.12	0.21	0.122	0.783	7.855	0.974	1.558	5.9	40
SampleFiiWes	0.152687286	0.0656579012	0.0074485983	0.086682674	0.21	0	0.187	3.35	10.055	0.667	1.558	6.21	40
SampleFiOne	0.285890218	-0.0096386369	-0.0547579177	0.020689941	0.945	0.547	0.276	5.916	121.915	13.156	1.558	5.97	40
SampleFivSea	0.134335872	-0.5999030193	0.2868895534	-0.268333938	0.111	0.146	0.739	20.882	5.962	0.261	0	6.26	60
SampleFivTea	0.122555414	-0.6367026024	0.284828304	-0.22340329	0.363	0.034	0.743	32.37	7.146	0.233	0	6.207	60
SampleFiWes	0.40336166	-0.0591777025	-0.0913865137	0.084650872	0.269	0	0.223	3.35	13.08	1.244	1.558	5.76	40
SampleFiXXX	0.258548031	-0.0259371271	-0.0061341533	0.164031942	0.122	0.056	0.086	8.697	0.533	0.043	0	5.93	50
SampleFiYes	0.376091845	-0.173230854	-0.0287420815	0.218253934	0.129	0.01	0.055	12.225	5.925	0.464	0.184	5.78	50
SampleFiZeb	0.321128988	-0.2234668327	0.049967117	0.222688856	0.186	0.493	0.064	5.258	3.013	0.07	2.316	6.04	50
SampleFviiiXXX	0.378204609	-0.1615739433	-0.03839075	0.236610927	0.381	0.099	0.143	8.504	2.414	0.125	1.614	6.11	50
SampleFviiSea	0.100972896	-0.6478993581	0.293785751	-0.276247417	0.209	0.153	0.833	19.646	14.007	0.748	0	6.09	60
SampleFviZeb	0.311663952	-0.2272888628	0.0674824674	0.222119284	0.204	0.131	0.064	5.258	3.013	0.07	2.316	6.04	50
SampleFvRem	0.107120136	-0.6378944752	0.274119751	-0.238315898	0.931	0.142	1.143	21.776	1.914	0	0	6.037	60
SampleFvTea	0.122179435	-0.6466875333	0.2851646023	-0.239122822	0.178	0.034	0.878	43.744	6.533	0.288	0	6.207	60
Samplep1bEJP	0.199008776	0.0999008962	0.0004575868	0.018095652	2.419	1.556	0.472	1.422	54.257	2.943	0.162	5.01	20
Samplep2aEJP	-0.004926101	0.1214447333	0.0595387058	0.003348888	3.557	0.738	0.677	0.956	90.046	4.013	1.742	4.47	20
Samplep3cEJP	0.140899618	0.1631897784	0.0430698162	-0.112488783	2.365	0.603	0.787	0.092	15.514	1.195	1.526	5.04	20
