SampleName	PD	Chao1	ObservedOTUs	iteration	Depth
Sample1a10EJP	55.4127	1108.47887324	597	0	10
Sample1a10LJP	62.34353	1108.17241379	643	0	10
Sample1a10SS2	55.9218	905.153846154	574	0	10
Sample1a20LJP	67.20685	1159.79746835	622	0	20
Sample1a30LJP	69.42083	1086.71875	635	0	30
Sample1a5EJP	53.24094	938.774193548	596	0	5
Sample1a5LJP	53.8158	1009	601	0	5
Sample1a5SS1	52.53596	848.858695652	550	0	5
Sample1a5SS2	49.74007	856.678571429	554	0	5
Sample1AOne	60.13929	1196.09278351	683	0	5
Sample1ARem	48.99391	858.776470588	557	0	5
Sample1ASea	50.73796	917.134831461	573	0	5
Sample1ATea	52.91677	994.375	630	0	5
Sample1AWes	54.60373	1064.97468354	595	0	5
Sample1AXXX	50.59912	1007.8961039	584	0	5
Sample1AYes	49.36135	873.962962963	546	0	5
Sample1b10EJP	57.61479	1034.37931034	595	0	10
Sample1b10SS1	53.89574	1074.4057971	552	0	10
Sample1b10SS2	55.87223	978.795180723	570	0	10
Sample1b20LJP	59.14902	1118.26315789	523	0	20
Sample1b5EJP	52.77918	940.744186047	573	0	5
Sample1b5LJP	54.6634	829.578947368	578	0	5
Sample1b5SS1	55.95845	1100.03157895	680	0	5
Sample1b5SS2	53.37333	967.555555556	574	0	5
Sample1BEas	51.15341	886.279069767	572	0	5
Sample1BRem	53.30855	943.037037037	571	0	5
Sample1BSea	56.04037	1142.83333333	661	0	5
Sample1BTea	51.90222	850.033333333	575	0	5
Sample1BXXX	52.05762	810.674418605	528	0	5
Sample1BYes	63.39377	1097.87826087	676	0	5
Sample1BZeb	49.36768	843.554216867	548	0	5
Sample1CSea	59.09665	1085.28282828	662	0	5
Sample1CZeb	51.57918	942.423529412	585	0	5
Sample1EOne	50.16828	982.117647059	586	0	5
Sample2a10EJP	50.61158	1010.875	590	0	10
Sample2a10LJP	57.83737	1147.68292683	626	0	10
Sample2a10SS1	59.97087	1091.51086957	673	0	10
Sample2a10SS2	58.27507	1138.22077922	620	0	10
Sample2a10WPM	50.74771	852.25	566	0	10
Sample2a20LJP	71.50365	1092.22689076	666	0	20
Sample2a30LJP	57.41983	896.875	515	0	30
Sample2a5EJP	46.37021	816.513513514	488	0	5
Sample2a5LJP	56.87878	979.008547009	664	0	5
Sample2a5SS1	56.24064	1175.21126761	629	0	5
Sample2a5SS2	52.22069	998.170731707	597	0	5
Sample2a5WPM	46.77039	925.227272727	540	0	5
Sample2ARem	58.20313	1028.26744186	606	0	10
Sample2ASea	63.12175	1028.28571429	615	0	10
Sample2ATea	55.8601	981.666666667	593	0	10
Sample2AWes1	52.25274	906.444444444	567	0	10
Sample2AWes2	61.42414	1066.25	635	0	10
Sample2AXXX	57.58362	940.957446809	580	0	10
Sample2AYes	56.66538	1048.78481013	606	0	10
Sample2b10EJP	52.4622	951.318681319	587	0	10
Sample2b10LJP	61.86833	1139.70114943	648	0	10
Sample2b10SS1	58.16842	1050.17924528	663	0	10
Sample2b10SS2	48.77885	850.158536585	551	0	10
Sample2b20LJP	64.91254	1095.97826087	631	0	20
Sample2b5LJP	52.17256	883.696969697	594	0	5
Sample2b5SS1	54.29172	962.03125	614	0	5
Sample2b5SS2	50.43853	900.8	569	0	5
Sample2b5WPM	47.56958	811.583333333	530	0	5
Sample2BEas	55.09153	1043.25	598	0	10
Sample2BOne	58.75738	1035.89655172	606	0	10
Sample2BRem	53.76648	939.04	563	0	10
Sample2BTea	58.1488	945.134020619	606	0	10
Sample2BXXX	62.69281	1040.61797753	608	0	10
Sample2BZeb	60.72103	1034.94174757	653	0	10
Sample2c5EJP	59.2766	1101.09708738	651	0	5
Sample2CEas	57.58141	1125.94382022	642	0	10
Sample2CSea	64.22933	1151.56701031	683	0	10
Sample2CWes1	51.42833	791.166666667	512	0	10
Sample2CWes2	49.87496	876.321428571	549	0	10
Sample2CYes	63.76962	1067.90265487	671	0	10
Sample2CZeb	62.67923	1134.37113402	672	0	10
Sample2EOne	54.60374	936.697368421	553	0	10
Sample3a10SS1	62.85772	1111.59292035	685	0	10
Sample3a10WPM	49.2281	808.407407407	511	0	10
Sample3a5SS1	49.96388	890.172413793	566	0	5
Sample3a5WPM	50.83425	1068.11428571	557	0	5
Sample3AOne	67.39102	1053.9009901	639	0	20
Sample3ARem	61.58393	1053.12987013	585	0	20
Sample3ATea	63.74355	970.264150943	620	0	20
Sample3AWes	66.81691	1294.96	705	0	20
Sample3AYes	69.58757	1105.28865979	646	0	20
Sample3AZeb	58.5657	901.573170732	543	0	20
Sample3b10WPM	50.08881	1012.21875	549	0	10
Sample3b5SS2	59.00845	1058.875	667	0	5
Sample3b5WPM	51.75198	939.682926829	554	0	5
Sample3BEas	67.02591	1089.83333333	621	0	20
Sample3BOne	64.00965	1046	608	0	20
Sample3BRem	70.96164	1043.91304348	677	0	20
Sample3BSea	63.65633	1150.01234568	611	0	20
Sample3BTea	71.47909	1014.02631579	664	0	20
Sample3BWes	62.31041	993.081632653	617	0	20
Sample3BXXX	63.26987	1088.94285714	574	0	20
Sample3CSea	61.88127	991.5	576	0	20
Sample3CXXX	68.43639	1027.44954128	643	0	20
Sample3CYes	75.34359	1286.25925926	740	0	20
Sample3CZeb	68.08293	1057.88679245	646	0	20
Sample4a10WPM	50.02233	836.344827586	531	0	10
Sample4a5WPM	49.21848	874.411764706	537	0	5
Sample4AEas	75.43953	1055.22137405	699	0	30
Sample4ARem	67.71872	1173.84146341	645	0	30
Sample4ASea	59.99372	956.428571429	520	0	30
Sample4ATea	63.58435	936.611111111	588	0	30
Sample4AWes	71.86785	1152.19148936	659	0	30
Sample4AYes	74.23536	1275.3	699	0	30
Sample4AZeb	68.53331	1203.56818182	638	0	30
Sample4BEas	73.66858	1188.70192308	701	0	30
Sample4BRem	68.41762	1000.61052632	624	0	30
Sample4BSea	56.95078	687.738636364	475	0	30
Sample4BTea	68.37876	1019.22429907	641	0	30
Sample4BXXX	62.20071	844.936708861	540	0	30
Sample4BYes	71.30388	1051.78571429	633	0	30
Sample4CEas	69.80662	1042.68421053	670	0	30
Sample4CWes	61.08358	806.825581395	519	0	30
Sample4CXXX	70.47798	1073.64705882	631	0	30
Sample4CZeb	63.55342	1096	603	0	30
Sample4DEas	71.54622	1074.48113208	657	0	30
Sample4DOne	65.9806	995.555555556	615	0	30
Sample4EOne	67.85497	977.762886598	595	0	30
Sample5a10WPM	56.1841	855.782608696	562	0	10
Sample5a5WPM	50.06732	910.576923077	549	0	5
Sample5ARem	68.98705	994.6375	593	0	40
Sample5ASea	65.02721	958.61627907	585	0	40
Sample5ATea	64.36224	925.023255814	566	0	40
Sample5AXXX	67.64804	956.835443038	566	0	40
Sample5AZeb	68.27573	1080.92592593	609	0	40
Sample5b5WPM	57.86787	1042.875	651	0	5
Sample5BRem	70.4162	1148.20512821	633	0	40
Sample5BSea	70.23117	1071.67647059	658	0	40
Sample5BTea	62.40995	984.8	553	0	40
Sample5BXXX	59.56655	888.512820513	542	0	40
Sample5BYes	63.51841	977.666666667	589	0	40
Sample5CYes	73.32051	1071.63551402	680	0	40
Sample5CZeb	66.14502	1018.51111111	618	0	40
Sample6ARem	64.5598	818.229166667	565	0	50
Sample6ASea	57.18754	721.943820225	487	0	50
Sample6ATea	69.21879	889.854166667	601	0	50
Sample6BRem	68.54708	912.510204082	610	0	50
Sample6BSea	64.34634	928.179775281	570	0	50
Sample6BTea	68.48992	861.879120879	580	0	50
SampleFiEas	71.77058	1033.62393162	668	0	40
SampleFiiEas	67.39142	1085.71	655	0	40
SampleFiiiRem	52.40211	500.098360656	371	0	60
SampleFiiiYes	66.6698	1065.15151515	555	0	50
SampleFiiOne	66.11967	1054.61445783	604	0	40
SampleFiiWes	75.46953	1195.125	740	0	40
SampleFiOne	59.7293	1083.77647059	611	0	40
SampleFivSea	61.18818	731.038961039	470	0	60
SampleFivTea	46.29559	557.083333333	363	0	60
SampleFiWes	66.27901	952.5	576	0	40
SampleFiXXX	66.21357	1002.65957447	596	0	50
SampleFiYes	62.13646	820.404761905	531	0	50
SampleFiZeb	66.46625	974.444444444	584	0	50
SampleFviiiXXX	61.05723	714	525	0	50
SampleFviiSea	58.12895	736.6	417	0	60
SampleFviZeb	67.02224	1042.703125	568	0	50
SampleFvRem	55.32386	683.120689655	396	0	60
SampleFvTea	48.6661	490.865384615	337	0	60
Samplep1bEJP	66.49731	1169.10989011	663	0	20
Samplep2aEJP	63.5291	1105	661	0	20
Samplep3cEJP	58.67913	937.793814433	588	0	20
Sample1a10EJP	50.87808	862.461538462	568	1	10
Sample1a10LJP	58.64525	1045.51086957	636	1	10
Sample1a10SS2	56.33086	903.662650602	561	1	10
Sample1a20LJP	64.4521	1081.84269663	611	1	20
Sample1a30LJP	67.81815	1014.6	624	1	30
Sample1a5EJP	53.38026	910.7	584	1	5
Sample1a5LJP	57.55329	1084.18604651	630	1	5
Sample1a5SS1	51.26129	845.325842697	552	1	5
Sample1a5SS2	49.38546	859.369047619	554	1	5
Sample1AOne	58.91235	1075.03960396	663	1	5
Sample1ARem	46.83765	895.552238806	536	1	5
Sample1ASea	49.30712	970.935897436	559	1	5
Sample1ATea	52.79525	1058.81111111	631	1	5
Sample1AWes	54.93854	957.043010753	595	1	5
Sample1AXXX	51.76313	870.483146067	572	1	5
Sample1AYes	51.22373	915.682926829	563	1	5
Sample1b10EJP	58.66489	986.61627907	586	1	10
Sample1b10SS1	53.19294	947.987341772	554	1	10
Sample1b10SS2	55.48391	972.431578947	593	1	10
Sample1b20LJP	59.64258	753.694736842	507	1	20
Sample1b5EJP	53.56647	1011.44303797	572	1	5
Sample1b5LJP	56.27904	1030.01176471	590	1	5
Sample1b5SS1	57.57368	1001.69090909	674	1	5
Sample1b5SS2	53.44958	943.833333333	584	1	5
Sample1BEas	53.89166	875.571428571	576	1	5
Sample1BRem	54.07991	1018.65957447	612	1	5
Sample1BSea	59.74956	1186.84615385	693	1	5
Sample1BTea	51.16673	927.542168675	582	1	5
Sample1BXXX	50.52722	861.01369863	528	1	5
Sample1BYes	61.32992	1071.44347826	663	1	5
Sample1BZeb	53.24126	962.738636364	586	1	5
Sample1CSea	57.95227	1038.7244898	643	1	5
Sample1CZeb	50.88578	955.918604651	594	1	5
Sample1EOne	53.89905	888.239130435	566	1	5
Sample2a10EJP	55.66499	1101.16304348	633	1	10
Sample2a10LJP	53.16788	1117.64285714	595	1	10
Sample2a10SS1	64.45737	1281.26190476	685	1	10
Sample2a10SS2	55.3382	996.070588235	603	1	10
Sample2a10WPM	46.94339	882.394366197	540	1	10
Sample2a20LJP	69.01135	1105.64705882	663	1	20
Sample2a30LJP	59.44058	842.573033708	531	1	30
Sample2a5EJP	44.72336	831.1875	465	1	5
Sample2a5LJP	59.77111	1101.78571429	683	1	5
Sample2a5SS1	57.11659	1119.05825243	666	1	5
Sample2a5SS2	48.50234	930.5375	563	1	5
Sample2a5WPM	46.02157	799.583333333	512	1	5
Sample2ARem	56.05484	916.583333333	578	1	10
Sample2ASea	61.68068	1024.30107527	628	1	10
Sample2ATea	53.286	953.451923077	612	1	10
Sample2AWes1	53.11039	855.158536585	556	1	10
Sample2AWes2	58.90138	1098.97468354	629	1	10
Sample2AXXX	56.56667	988.329411765	583	1	10
Sample2AYes	61.93854	1030.38461538	633	1	10
Sample2b10EJP	53.18552	912.733333333	543	1	10
Sample2b10LJP	64.15859	1006.66371681	661	1	10
Sample2b10SS1	58.48672	1132.97826087	668	1	10
Sample2b10SS2	54.27166	953.205128205	570	1	10
Sample2b20LJP	66.32199	1051.22580645	613	1	20
Sample2b5LJP	56.99492	953.34375	608	1	5
Sample2b5SS1	52.76077	1121.8630137	602	1	5
Sample2b5SS2	50.41376	960.181818182	572	1	5
Sample2b5WPM	46.99176	810.873563218	539	1	5
Sample2BEas	52.60939	927.379310345	581	1	10
Sample2BOne	55.68016	1037.01176471	597	1	10
Sample2BRem	54.31899	946.265822785	571	1	10
Sample2BTea	57.40823	964.153846154	597	1	10
Sample2BXXX	59.80117	975.00952381	624	1	10
Sample2BZeb	60.68574	1171.76923077	681	1	10
Sample2c5EJP	57.66899	932.142857143	599	1	5
Sample2CEas	58.70686	1064.01075269	641	1	10
Sample2CSea	65.79391	1143.11111111	691	1	10
Sample2CWes1	48.87941	849.585365854	534	1	10
Sample2CWes2	50.61974	936.6	551	1	10
Sample2CYes	59.332	1071.54455446	648	1	10
Sample2CZeb	61.57792	1232.1375	664	1	10
Sample2EOne	55.09154	900.555555556	564	1	10
Sample3a10SS1	58.46293	1151.03296703	668	1	10
Sample3a10WPM	48.37158	816.205479452	504	1	10
Sample3a5SS1	48.46928	999.3875	572	1	5
Sample3a5WPM	49.4083	891.512820513	536	1	5
Sample3AOne	67.87337	1171.14606742	633	1	20
Sample3ARem	60.94649	1077.68	579	1	20
Sample3ATea	61.53361	1028.01098901	614	1	20
Sample3AWes	69.03936	1168	688	1	20
Sample3AYes	68.5139	1101.34259259	655	1	20
Sample3AZeb	59.12568	1035.56338028	554	1	20
Sample3b10WPM	51.18321	987.884057971	544	1	10
Sample3b5SS2	56.03846	1000.90526316	641	1	5
Sample3b5WPM	53.01447	969.2	558	1	5
Sample3BEas	66.82367	1017.15178571	643	1	20
Sample3BOne	62.16671	1129.57303371	629	1	20
Sample3BRem	69.55137	1143.24719101	656	1	20
Sample3BSea	64.64601	997.333333333	614	1	20
Sample3BTea	68.84692	1050.77586207	682	1	20
Sample3BWes	61.2366	1036.78481013	594	1	20
Sample3BXXX	58.97042	924.619047619	560	1	20
Sample3CSea	62.38915	979.285714286	562	1	20
Sample3CXXX	68.4958	1131.0326087	637	1	20
Sample3CYes	76.13426	1222.59433962	732	1	20
Sample3CZeb	67.73623	1045.23076923	616	1	20
Sample4a10WPM	50.9323	881.279069767	545	1	10
Sample4a5WPM	49.27224	948.846153846	553	1	5
Sample4AEas	71.28901	1029.8974359	684	1	30
Sample4ARem	66.69961	1053.15463918	633	1	30
Sample4ASea	64.0213	891.563218391	548	1	30
Sample4ATea	69.44467	1016.91919192	628	1	30
Sample4AWes	75.97202	1205.14423077	680	1	30
Sample4AYes	75.40418	1242.67924528	699	1	30
Sample4AZeb	64.27023	1080.75903614	600	1	30
Sample4BEas	71.67579	1094.03738318	686	1	30
Sample4BRem	69.59679	1045.3627451	643	1	30
Sample4BSea	54.45745	792.014084507	477	1	30
Sample4BTea	68.68733	1020.40384615	634	1	30
Sample4BXXX	62.02861	834.3	557	1	30
Sample4BYes	73.72489	1044.85714286	643	1	30
Sample4CEas	65.80427	989.96039604	641	1	30
Sample4CWes	61.35203	1013.79411765	545	1	30
Sample4CXXX	67.40249	1044.75862069	599	1	30
Sample4CZeb	63.08075	1028.15853659	582	1	30
Sample4DEas	71.35838	1276.98837209	661	1	30
Sample4DOne	64.58017	1118.62162162	587	1	30
Sample4EOne	65.47019	994.533333333	582	1	30
Sample5a10WPM	56.1841	855.782608696	562	1	10
Sample5a5WPM	50.42211	1009.85185185	578	1	5
Sample5ARem	66.65771	885.653061224	593	1	40
Sample5ASea	61.96857	857.315217391	561	1	40
Sample5ATea	64.16027	827.666666667	557	1	40
Sample5AXXX	65.49885	920.895348837	579	1	40
Sample5AZeb	69.53892	956.833333333	597	1	40
Sample5b5WPM	60.12952	1216.13513514	642	1	5
Sample5BRem	66.92974	931.06122449	598	1	40
Sample5BSea	71.19058	1142	654	1	40
Sample5BTea	61.0335	748.538461538	521	1	40
Sample5BXXX	62.07777	992.413333333	564	1	40
Sample5BYes	65.37725	914.359550562	573	1	40
Sample5CYes	70.07465	963.526315789	659	1	40
Sample5CZeb	69.32612	1072.44318182	619	1	40
Sample6ARem	64.24631	865.678571429	563	1	50
Sample6ASea	55.85552	757.915492958	486	1	50
Sample6ATea	72.62722	986.676470588	628	1	50
Sample6BRem	68.50825	946.96	618	1	50
Sample6BSea	64.20382	951	574	1	50
Sample6BTea	67.6135	816.533980583	589	1	50
SampleFiEas	68.04911	1015.26315789	633	1	40
SampleFiiEas	72.41843	1246.75	685	1	40
SampleFiiiRem	54.27525	607.296875	401	1	60
SampleFiiiYes	62.50495	863.976470588	546	1	50
SampleFiiOne	63.81511	988.569767442	591	1	40
SampleFiiWes	73.66137	1173.28	739	1	40
SampleFiOne	62.89192	972.787878788	595	1	40
SampleFivSea	60.24249	705.328947368	459	1	60
SampleFivTea	47.77302	614.157894737	391	1	60
SampleFiWes	65.81758	1011.2027027	577	1	40
SampleFiXXX	66.69723	1058.65909091	602	1	50
SampleFiYes	65.71418	895.917647059	550	1	50
SampleFiZeb	66.58221	988.764705882	567	1	50
SampleFviiiXXX	63.60677	924.467532468	552	1	50
SampleFviiSea	56.76341	585.888888889	407	1	60
SampleFviZeb	65.99176	954.625	581	1	50
SampleFvRem	56.98467	609.246153846	396	1	60
SampleFvTea	50.22866	511.2	354	1	60
Samplep1bEJP	67.04722	1179.31111111	654	1	20
Samplep2aEJP	65.23845	1126.22222222	677	1	20
Samplep3cEJP	57.78368	927.26744186	574	1	20
Sample1a10EJP	54.84193	1080.36144578	603	2	10
Sample1a10LJP	59.55311	1054.91919192	649	2	10
Sample1a10SS2	55.96	958	583	2	10
Sample1a20LJP	61.56109	983.26	601	2	20
Sample1a30LJP	65.98739	903.382978723	588	2	30
Sample1a5EJP	52.07228	926.529411765	572	2	5
Sample1a5LJP	55.29218	973.674418605	603	2	5
Sample1a5SS1	54.17382	1004	593	2	5
Sample1a5SS2	48.4941	917.5	556	2	5
Sample1AOne	62.92688	1161.19266055	690	2	5
Sample1ARem	54.72705	889.670103093	579	2	5
Sample1ASea	49.36507	909.62195122	554	2	5
Sample1ATea	56.47674	1189.64705882	662	2	5
Sample1AWes	54.67156	970.682926829	585	2	5
Sample1AXXX	49.78055	904.6	570	2	5
Sample1AYes	53.80478	1005.03370787	597	2	5
Sample1b10EJP	57.09724	874.784090909	565	2	10
Sample1b10SS1	51.38066	928	556	2	10
Sample1b10SS2	56.31572	1053.23863636	603	2	10
Sample1b20LJP	56.66086	747.270588235	494	2	20
Sample1b5EJP	54.62909	893.041237113	567	2	5
Sample1b5LJP	53.39533	890.967391304	574	2	5
Sample1b5SS1	56.94235	1034.62831858	679	2	5
Sample1b5SS2	51.48182	984	591	2	5
Sample1BEas	54.39707	1023.44303797	584	2	5
Sample1BRem	53.37734	981.011494253	594	2	5
Sample1BSea	60.90778	1094.06315789	656	2	5
Sample1BTea	52.47333	949.180722892	592	2	5
Sample1BXXX	55.01788	970.278688525	531	2	5
Sample1BYes	61.22234	1071.65384615	649	2	5
Sample1BZeb	52.87886	988.461538462	570	2	5
Sample1CSea	53.8768	902.35	601	2	5
Sample1CZeb	49.82141	978.5	602	2	5
Sample1EOne	50.24077	958.068965517	577	2	5
Sample2a10EJP	54.02111	953.782608696	599	2	10
Sample2a10LJP	56.00454	954.436170213	599	2	10
Sample2a10SS1	61.5974	1106.71	676	2	10
Sample2a10SS2	59.4586	1105.19230769	608	2	10
Sample2a10WPM	50.10631	924.307692308	574	2	10
Sample2a20LJP	69.34266	1121.37837838	673	2	20
Sample2a30LJP	64.72853	906.036144578	540	2	30
Sample2a5EJP	48.37291	765.034883721	490	2	5
Sample2a5LJP	58.393	1042.59375	653	2	5
Sample2a5SS1	55.68531	1082.38709677	638	2	5
Sample2a5SS2	50.37762	882.12371134	579	2	5
Sample2a5WPM	43.99974	803.295774648	503	2	5
Sample2ARem	57.27848	898.2	597	2	10
Sample2ASea	62.52726	1190.04878049	654	2	10
Sample2ATea	54.94399	888.510204082	586	2	10
Sample2AWes1	50.14461	845.674157303	560	2	10
Sample2AWes2	57.20229	1157.06756757	633	2	10
Sample2AXXX	56.72764	969.048780488	571	2	10
Sample2AYes	58.93592	1034.81818182	616	2	10
Sample2b10EJP	55.0908	1038.93333333	569	2	10
Sample2b10LJP	64.86167	1027.66371681	667	2	10
Sample2b10SS1	58.38734	1129.05825243	676	2	10
Sample2b10SS2	53.88015	917.272727273	551	2	10
Sample2b20LJP	67.69875	1044.71428571	623	2	20
Sample2b5LJP	55.26958	1063.3253012	616	2	5
Sample2b5SS1	51.53178	988.846153846	593	2	5
Sample2b5SS2	50.74692	995.739130435	559	2	5
Sample2b5WPM	46.51106	790.129411765	527	2	5
Sample2BEas	52.86487	864.923076923	573	2	10
Sample2BOne	56.43081	1097.66666667	616	2	10
Sample2BRem	56.77806	1154.42857143	578	2	10
Sample2BTea	57.95826	1073.18390805	621	2	10
Sample2BXXX	57.81283	929.098039216	599	2	10
Sample2BZeb	60.8802	1026.89130435	638	2	10
Sample2c5EJP	54.65593	996.695238095	630	2	5
Sample2CEas	57.44466	1143.08	626	2	10
Sample2CSea	67.84392	1132.03030303	679	2	10
Sample2CWes1	49.78367	820.804878049	535	2	10
Sample2CWes2	50.84565	926.142857143	530	2	10
Sample2CYes	61.15678	1133.01219512	636	2	10
Sample2CZeb	57.99675	921.247524752	618	2	10
Sample2EOne	50.0554	924.380952381	535	2	10
Sample3a10SS1	63.08694	1185.5	701	2	10
Sample3a10WPM	47.93282	769.25	508	2	10
Sample3a5SS1	50.46373	881.90625	568	2	5
Sample3a5WPM	48.19017	856.638554217	531	2	5
Sample3AOne	67.62139	1224.66666667	638	2	20
Sample3ARem	65.29105	1022.84337349	595	2	20
Sample3ATea	64.20502	1057.36363636	637	2	20
Sample3AWes	69.40013	1173.64705882	698	2	20
Sample3AYes	66.62439	968.891891892	627	2	20
Sample3AZeb	61.08838	952.5	567	2	20
Sample3b10WPM	48.37598	785.222222222	522	2	10
Sample3b5SS2	52.85395	1031	641	2	5
Sample3b5WPM	50.47686	883.8	564	2	5
Sample3BEas	66.05073	1081.37894737	628	2	20
Sample3BOne	64.85317	1054.65	621	2	20
Sample3BRem	69.52352	1064.18811881	655	2	20
Sample3BSea	63.37879	969.6875	597	2	20
Sample3BTea	72.12387	1219.44329897	680	2	20
Sample3BWes	61.46643	1095.39189189	601	2	20
Sample3BXXX	60.36603	968.6375	567	2	20
Sample3CSea	60.87256	926	551	2	20
Sample3CXXX	70.45468	1302.32978723	682	2	20
Sample3CYes	76.10187	1253.70731707	760	2	20
Sample3CZeb	66.3134	1143.4375	616	2	20
Sample4a10WPM	52.91428	785.534883721	523	2	10
Sample4a5WPM	51.72414	934.666666667	542	2	5
Sample4AEas	76.74496	1231.00884956	727	2	30
Sample4ARem	63.39064	908.057142857	614	2	30
Sample4ASea	62.52728	951.117647059	555	2	30
Sample4ATea	65.66324	935.363636364	590	2	30
Sample4AWes	73.64277	1341	666	2	30
Sample4AYes	78.39712	1120.58088235	719	2	30
Sample4AZeb	69.07316	1093.35869565	622	2	30
Sample4BEas	71.14438	1100.3	698	2	30
Sample4BRem	68.87527	1008.91666667	625	2	30
Sample4BSea	54.87108	806.2	485	2	30
Sample4BTea	65.11065	980.2	624	2	30
Sample4BXXX	64.02913	897.081395349	558	2	30
Sample4BYes	69.24131	907.254098361	627	2	30
Sample4CEas	71.99874	1205.23584906	690	2	30
Sample4CWes	62.53262	832.873684211	536	2	30
Sample4CXXX	67.98268	1022.64705882	608	2	30
Sample4CZeb	60.13834	961.6375	560	2	30
Sample4DEas	68.50565	1167.3655914	659	2	30
Sample4DOne	65.64949	1096.24719101	609	2	30
Sample4EOne	61.08227	1002.26744186	580	2	30
Sample5a10WPM	56.1841	855.782608696	562	2	10
Sample5a5WPM	49.64114	1072.31884058	573	2	5
Sample5ARem	68.92903	999.164835165	606	2	40
Sample5ASea	66.23084	927.632183908	567	2	40
Sample5ATea	64.24488	989.652173913	560	2	40
Sample5AXXX	67.83487	1174.2173913	600	2	40
Sample5AZeb	66.19158	932.75	609	2	40
Sample5b5WPM	59.22804	1148.57303371	648	2	5
Sample5BRem	72.598	1087.22891566	630	2	40
Sample5BSea	73.1474	1047.23076923	669	2	40
Sample5BTea	64.45557	893.5	541	2	40
Sample5BXXX	58.58924	846.223684211	535	2	40
Sample5BYes	64.75047	1004.26506024	586	2	40
Sample5CYes	72.13421	1064.69444444	674	2	40
Sample5CZeb	66.59891	1122.55844156	608	2	40
Sample6ARem	65.59075	836.913043478	563	2	50
Sample6ASea	57.3932	803.181818182	496	2	50
Sample6ATea	70.18401	959.494623656	614	2	50
Sample6BRem	70.16117	1079.23529412	636	2	50
Sample6BSea	69.2945	998.583333333	579	2	50
Sample6BTea	70.48424	840.254545455	605	2	50
SampleFiEas	70.23485	951.900826446	654	2	40
SampleFiiEas	73.44186	1276.53846154	680	2	40
SampleFiiiRem	54.42214	613.161290323	408	2	60
SampleFiiiYes	63.38315	938.62195122	556	2	50
SampleFiiOne	65.01403	1000.17647059	601	2	40
SampleFiiWes	75.44546	1284.62857143	739	2	40
SampleFiOne	63.44574	1003.79787234	603	2	40
SampleFivSea	60.82373	708.034482759	477	2	60
SampleFivTea	49.13976	658.5	375	2	60
SampleFiWes	66.91964	831.923076923	555	2	40
SampleFiXXX	67.9206	1099.6	610	2	50
SampleFiYes	65.65565	1040.95890411	569	2	50
SampleFiZeb	67.80291	882.529411765	570	2	50
SampleFviiiXXX	65.12039	958.666666667	557	2	50
SampleFviiSea	54.66509	561.96875	392	2	60
SampleFviZeb	69.76542	846.451219512	558	2	50
SampleFvRem	55.83039	678.482142857	394	2	60
SampleFvTea	49.43742	516.018181818	354	2	60
Samplep1bEJP	65.32277	1122.11363636	636	2	20
Samplep2aEJP	64.44479	1033.22330097	654	2	20
Samplep3cEJP	62.30038	977.09375	596	2	20
Sample1a10EJP	53.53576	933.296703297	594	3	10
Sample1a10LJP	60.55811	1008.56818182	623	3	10
Sample1a10SS2	51.27949	860.957894737	574	3	10
Sample1a20LJP	67.94412	1105.31914894	625	3	20
Sample1a30LJP	66.98572	1028.65957447	622	3	30
Sample1a5EJP	53.78167	963.535714286	593	3	5
Sample1a5LJP	54.68803	927.081395349	588	3	5
Sample1a5SS1	52.31115	1124.22727273	574	3	5
Sample1a5SS2	49.08334	924.037037037	567	3	5
Sample1AOne	57.67632	1126.07291667	662	3	5
Sample1ARem	50.34942	1000.75	558	3	5
Sample1ASea	51.85189	895.183908046	560	3	5
Sample1ATea	58.13478	1111.89534884	638	3	5
Sample1AWes	52.53494	1063.03846154	594	3	5
Sample1AXXX	51.79553	995.014285714	561	3	5
Sample1AYes	48.85741	869.692307692	535	3	5
Sample1b10EJP	58.75383	1082.32978723	621	3	10
Sample1b10SS1	51.80093	881.6	547	3	10
Sample1b10SS2	53.17398	953.534883721	574	3	10
Sample1b20LJP	59.47018	879.206896552	530	3	20
Sample1b5EJP	54.84207	1069.03896104	569	3	5
Sample1b5LJP	53.14593	944.825581395	580	3	5
Sample1b5SS1	58.81697	1050.95789474	663	3	5
Sample1b5SS2	55.71743	930.521276596	586	3	5
Sample1BEas	54.00335	1045.69230769	587	3	5
Sample1BRem	56.46049	948.611650485	609	3	5
Sample1BSea	56.86512	1089	660	3	5
Sample1BTea	50.26835	932.43373494	584	3	5
Sample1BXXX	53.28678	1051.16393443	545	3	5
Sample1BYes	61.55594	1143.09375	657	3	5
Sample1BZeb	51.31979	918.647058824	567	3	5
Sample1CSea	55.43255	918.990566038	623	3	5
Sample1CZeb	48.96493	903.450549451	583	3	5
Sample1EOne	51.93457	878.172043011	580	3	5
Sample2a10EJP	56.91702	1034.03	635	3	10
Sample2a10LJP	55.76969	1144.6	628	3	10
Sample2a10SS1	56.89688	1020.77659574	643	3	10
Sample2a10SS2	58.97161	1016.61363636	607	3	10
Sample2a10WPM	47.02441	808.647058824	538	3	10
Sample2a20LJP	68.70539	1090.02884615	653	3	20
Sample2a30LJP	58.87967	898.086956522	503	3	30
Sample2a5EJP	45.95716	994.355932203	496	3	5
Sample2a5LJP	58.36575	1170.44827586	672	3	5
Sample2a5SS1	56.10434	1073.73333333	649	3	5
Sample2a5SS2	48.57465	942.863013699	563	3	5
Sample2a5WPM	51.67342	907.958333333	539	3	5
Sample2ARem	56.49618	949.421052632	595	3	10
Sample2ASea	60.07073	996.24137931	624	3	10
Sample2ATea	54.24816	1030.27906977	589	3	10
Sample2AWes1	55.22761	1021.84615385	562	3	10
Sample2AWes2	56.75511	1021.61111111	630	3	10
Sample2AXXX	58.03022	1011.51724138	591	3	10
Sample2AYes	59.98177	1052.41176471	622	3	10
Sample2b10EJP	54.15838	1035.63888889	568	3	10
Sample2b10LJP	65.58134	1209.26	686	3	10
Sample2b10SS1	57.16301	1233.47368421	659	3	10
Sample2b10SS2	53.28063	948.697368421	565	3	10
Sample2b20LJP	62.85951	1106.75	627	3	20
Sample2b5LJP	50.88637	945.221052632	607	3	5
Sample2b5SS1	50.82803	959.565217391	602	3	5
Sample2b5SS2	49.94741	849.023255814	556	3	5
Sample2b5WPM	49.72768	959.739130435	551	3	5
Sample2BEas	54.7599	925.571428571	589	3	10
Sample2BOne	53.56082	947.265822785	572	3	10
Sample2BRem	52.87657	840.244186047	555	3	10
Sample2BTea	59.37349	993.611111111	602	3	10
Sample2BXXX	58.72137	1071.31868132	614	3	10
Sample2BZeb	59.35554	1027.51136364	627	3	10
Sample2c5EJP	57.43036	1038.22727273	644	3	5
Sample2CEas	59.01457	1106.1011236	632	3	10
Sample2CSea	64.62828	1227.55789474	697	3	10
Sample2CWes1	49.58599	891.986486486	533	3	10
Sample2CWes2	50.91662	854.513513514	526	3	10
Sample2CYes	64.14574	1119.02912621	663	3	10
Sample2CZeb	65.50895	1227.01111111	681	3	10
Sample2EOne	53.72122	1009.13432836	552	3	10
Sample3a10SS1	61.70265	1105.53211009	683	3	10
Sample3a10WPM	46.82912	769.927710843	503	3	10
Sample3a5SS1	50.85373	902.153846154	571	3	5
Sample3a5WPM	48.95042	918.037037037	546	3	5
Sample3AOne	66.145	1069.06060606	634	3	20
Sample3ARem	57.23167	818.18627451	560	3	20
Sample3ATea	57.70395	969.738636364	593	3	20
Sample3AWes	66.06118	1340.78021978	700	3	20
Sample3AYes	64.72581	981.235849057	618	3	20
Sample3AZeb	59.61311	985.6625	555	3	20
Sample3b10WPM	47.36602	875.888888889	529	3	10
Sample3b5SS2	55.65183	1005.88541667	647	3	5
Sample3b5WPM	49.76382	913.575	543	3	5
Sample3BEas	65.22299	947.761061947	624	3	20
Sample3BOne	65.41204	1171.39784946	643	3	20
Sample3BRem	70.698	1152.42857143	670	3	20
Sample3BSea	59.82634	1033.37931034	594	3	20
Sample3BTea	70.6912	1116.3	712	3	20
Sample3BWes	62.21494	1003.94117647	621	3	20
Sample3BXXX	59.61545	896	564	3	20
Sample3CSea	64.29477	989.24137931	578	3	20
Sample3CXXX	70.31973	1049.14678899	654	3	20
Sample3CYes	71.67491	1166.71171171	724	3	20
Sample3CZeb	64.64123	1070.38709677	626	3	20
Sample4a10WPM	50.00332	796.518518519	523	3	10
Sample4a5WPM	48.67401	1029.2173913	545	3	5
Sample4AEas	78.24054	1182.14563107	702	3	30
Sample4ARem	72.13155	1059.84466019	653	3	30
Sample4ASea	62.93555	1008.44155844	561	3	30
Sample4ATea	68.31761	952.009433962	617	3	30
Sample4AWes	70.00961	1252.37894737	674	3	30
Sample4AYes	73.74218	1153.00869565	698	3	30
Sample4AZeb	63.81813	955.366666667	587	3	30
Sample4BEas	75.0112	1122.00909091	695	3	30
Sample4BRem	69.25684	1024.22580645	625	3	30
Sample4BSea	57.30002	870.388888889	495	3	30
Sample4BTea	66.07921	944.951456311	613	3	30
Sample4BXXX	64.93025	811.47826087	540	3	30
Sample4BYes	70.17972	1143.19148936	650	3	30
Sample4CEas	70.9594	1101.125	679	3	30
Sample4CWes	61.4877	838.581395349	527	3	30
Sample4CXXX	66.28504	944.010869565	592	3	30
Sample4CZeb	58.60884	824.724489796	556	3	30
Sample4DEas	71.70493	1078.29245283	658	3	30
Sample4DOne	63.24115	1216.47058824	616	3	30
Sample4EOne	63.27663	888.378640777	569	3	30
Sample5a10WPM	56.1841	855.782608696	562	3	10
Sample5a5WPM	48.93258	901.12345679	550	3	5
Sample5ARem	70.89664	1133.03658537	622	3	40
Sample5ASea	64.91126	912	580	3	40
Sample5ATea	64.71795	927.896907216	570	3	40
Sample5AXXX	65.92092	969.345679012	582	3	40
Sample5AZeb	65.88739	967.043010753	605	3	40
Sample5b5WPM	56.95919	1092.71	662	3	5
Sample5BRem	67.74476	1058.9	628	3	40
Sample5BSea	70.77422	1216.375	652	3	40
Sample5BTea	65.00732	915.75862069	558	3	40
Sample5BXXX	62.40692	955.126760563	541	3	40
Sample5BYes	63.53682	894.554347826	567	3	40
Sample5CYes	73.43767	1075.40952381	668	3	40
Sample5CZeb	71.35073	1055.21212121	629	3	40
Sample6ARem	66.79978	884.296296296	562	3	50
Sample6ASea	57.05743	781.714285714	483	3	50
Sample6ATea	71.98146	955.611111111	607	3	50
Sample6BRem	69.81958	968.225806452	620	3	50
Sample6BSea	63.66785	927.125	562	3	50
Sample6BTea	69.71769	848.857142857	594	3	50
SampleFiEas	71.73806	1016.6039604	649	3	40
SampleFiiEas	67.43755	1192.89655172	667	3	40
SampleFiiiRem	54.75571	559.390625	394	3	60
SampleFiiiYes	66.78644	885.679012346	552	3	50
SampleFiiOne	70.27271	1082.08510638	627	3	40
SampleFiiWes	74.57778	1207.03252033	744	3	40
SampleFiOne	63.63977	952.961165049	603	3	40
SampleFivSea	61.78899	816.161764706	481	3	60
SampleFivTea	49.74785	621.557692308	380	3	60
SampleFiWes	66.41471	884.164835165	569	3	40
SampleFiXXX	66.17411	1047.95	626	3	50
SampleFiYes	64.14883	918.072289157	555	3	50
SampleFiZeb	63.54437	907.20212766	584	3	50
SampleFviiiXXX	64.83441	916.521276596	572	3	50
SampleFviiSea	59.58851	670.220588235	428	3	60
SampleFviZeb	68.7412	997.833333333	597	3	50
SampleFvRem	54.39919	523.833333333	370	3	60
SampleFvTea	52.21837	546.318181818	377	3	60
Samplep1bEJP	66.41419	1017.91743119	657	3	20
Samplep2aEJP	67.98199	1071.125	668	3	20
Samplep3cEJP	61.39126	987.821052632	597	3	20
Sample1a10EJP	52.20759	884	587	4	10
Sample1a10LJP	61.01622	1167.3814433	664	4	10
Sample1a10SS2	49.99673	796.815217391	556	4	10
Sample1a20LJP	65.46954	1024.38461538	627	4	20
Sample1a30LJP	67.56263	1064.18390805	612	4	30
Sample1a5EJP	51.68563	1079.04615385	569	4	5
Sample1a5LJP	57.50544	1014.56666667	620	4	5
Sample1a5SS1	52.05843	1142.04225352	584	4	5
Sample1a5SS2	50.19823	921.693181818	568	4	5
Sample1AOne	54.57743	1000.6969697	642	4	5
Sample1ARem	50.94699	865.868421053	546	4	5
Sample1ASea	47.52432	880.287671233	532	4	5
Sample1ATea	56.45724	977.392523364	648	4	5
Sample1AWes	54.23859	893.078947368	600	4	5
Sample1AXXX	51.03985	985.692307692	577	4	5
Sample1AYes	50.4637	1006.47826087	559	4	5
Sample1b10EJP	57.38254	1089.41176471	575	4	10
Sample1b10SS1	50.35471	902.243243243	537	4	10
Sample1b10SS2	55.78208	1039.28571429	585	4	10
Sample1b20LJP	57.99553	787.010989011	515	4	20
Sample1b5EJP	52.19028	997.3875	570	4	5
Sample1b5LJP	52.90504	982.43373494	583	4	5
Sample1b5SS1	54.137	1137.84269663	667	4	5
Sample1b5SS2	54.5847	1071.12987013	596	4	5
Sample1BEas	54.72403	963.617977528	594	4	5
Sample1BRem	54.50569	1002.56976744	605	4	5
Sample1BSea	58.71752	1066.15789474	655	4	5
Sample1BTea	55.61469	978.8	577	4	5
Sample1BXXX	52.96489	974.970588235	539	4	5
Sample1BYes	60.58961	1103.05825243	650	4	5
Sample1BZeb	52.5786	967.0625	578	4	5
Sample1CSea	54.20559	932.846153846	619	4	5
Sample1CZeb	52.9721	1039.08108108	598	4	5
Sample1EOne	50.68955	947.577464789	547	4	5
Sample2a10EJP	52.31235	1066.67857143	605	4	10
Sample2a10LJP	54.00726	972.674418605	602	4	10
Sample2a10SS1	60.23893	1062.91919192	657	4	10
Sample2a10SS2	55.82326	872.529411765	589	4	10
Sample2a10WPM	48.02017	1030.22222222	534	4	10
Sample2a20LJP	68.96773	1170.51485149	662	4	20
Sample2a30LJP	62.51276	792.306930693	527	4	30
Sample2a5EJP	49.44403	914.142857143	501	4	5
Sample2a5LJP	58.74034	1001.91588785	660	4	5
Sample2a5SS1	54.97336	1229.32911392	654	4	5
Sample2a5SS2	50.9851	868	560	4	5
Sample2a5WPM	49.71559	890.101123596	557	4	5
Sample2ARem	56.43752	986.678571429	592	4	10
Sample2ASea	60.0918	982.431578947	617	4	10
Sample2ATea	54.83987	1030.01136364	605	4	10
Sample2AWes1	52.24046	944.342465753	558	4	10
Sample2AWes2	60.76364	946.822916667	620	4	10
Sample2AXXX	54.87968	938.511111111	573	4	10
Sample2AYes	60.03806	1068.87640449	630	4	10
Sample2b10EJP	54.59878	1018.5	603	4	10
Sample2b10LJP	62.53487	992.283185841	654	4	10
Sample2b10SS1	58.98457	1182.22826087	675	4	10
Sample2b10SS2	55.39618	888.505263158	579	4	10
Sample2b20LJP	62.65711	1031.10989011	608	4	20
Sample2b5LJP	50.12537	1014.6097561	604	4	5
Sample2b5SS1	53.7826	1069.49450549	631	4	5
Sample2b5SS2	50.94157	885.814814815	555	4	5
Sample2b5WPM	50.69434	980.608108108	560	4	5
Sample2BEas	53.52274	944.25	582	4	10
Sample2BOne	55.05003	897.382978723	582	4	10
Sample2BRem	51.51734	887.708333333	547	4	10
Sample2BTea	61.20336	1014.32183908	600	4	10
Sample2BXXX	61.61964	999.978723404	605	4	10
Sample2BZeb	60.67513	930.025862069	642	4	10
Sample2c5EJP	56.67182	987.5	602	4	5
Sample2CEas	56.63587	1112.20212766	654	4	10
Sample2CSea	62.31076	1011.18421053	671	4	10
Sample2CWes1	52.09708	981.924242424	551	4	10
Sample2CWes2	49.13468	937.444444444	547	4	10
Sample2CYes	60.82639	1050.37113402	639	4	10
Sample2CZeb	62.86709	1059.1875	672	4	10
Sample2EOne	54.76859	881.481481481	562	4	10
Sample3a10SS1	63.4159	1272.06122449	708	4	10
Sample3a10WPM	45.44051	804.753424658	507	4	10
Sample3a5SS1	49.64874	931.5	561	4	5
Sample3a5WPM	49.13076	928.086956522	533	4	5
Sample3AOne	68.31754	1023.1875	625	4	20
Sample3ARem	63.4875	1020.03225806	594	4	20
Sample3ATea	62.77512	1024.56666667	609	4	20
Sample3AWes	70.99205	1301.00909091	733	4	20
Sample3AYes	69.38953	1102.26666667	652	4	20
Sample3AZeb	61.30323	987.473684211	588	4	20
Sample3b10WPM	49.63176	820.08045977	533	4	10
Sample3b5SS2	55.42647	971.247524752	643	4	5
Sample3b5WPM	51.11086	986.797468354	554	4	5
Sample3BEas	66.27506	994.678899083	626	4	20
Sample3BOne	62.8574	1087.66666667	606	4	20
Sample3BRem	72.67687	1192.64285714	688	4	20
Sample3BSea	59.37355	978.511363636	587	4	20
Sample3BTea	72.49171	1263.45360825	697	4	20
Sample3BWes	61.02247	1038.73333333	614	4	20
Sample3BXXX	62.92071	1007.63855422	583	4	20
Sample3CSea	61.02196	1108.58441558	583	4	20
Sample3CXXX	69.46129	1190.5	641	4	20
Sample3CYes	79.03434	1345.48695652	771	4	20
Sample3CZeb	64.90904	1057.10309278	634	4	20
Sample4a10WPM	49.85403	775.536585366	513	4	10
Sample4a5WPM	47.71711	861.013333333	519	4	5
Sample4AEas	74.55485	1213.59090909	705	4	30
Sample4ARem	64.14254	1111.53658537	618	4	30
Sample4ASea	58.27557	911.35443038	533	4	30
Sample4ATea	69.28292	1152.16483516	636	4	30
Sample4AWes	74.12334	1053.53043478	679	4	30
Sample4AYes	76.07155	1237.75	711	4	30
Sample4AZeb	67.06504	972.081632653	596	4	30
Sample4BEas	73.30564	1106.56034483	691	4	30
Sample4BRem	70.01466	1133.32142857	631	4	30
Sample4BSea	57.72946	764	479	4	30
Sample4BTea	71.2418	1100.79166667	646	4	30
Sample4BXXX	68.14686	832.28	562	4	30
Sample4BYes	71.23916	997.622641509	637	4	30
Sample4CEas	67.4745	1018.39130435	664	4	30
Sample4CWes	60.91681	946.304878049	542	4	30
Sample4CXXX	66.55908	966.618556701	606	4	30
Sample4CZeb	61.97838	1045.7	585	4	30
Sample4DEas	67.90462	1088.44915254	672	4	30
Sample4DOne	59.19324	989.023255814	573	4	30
Sample4EOne	64.49794	1005.92857143	580	4	30
Sample5a10WPM	56.1841	855.782608696	562	4	10
Sample5a5WPM	47.94681	924.467532468	552	4	5
Sample5ARem	65.95199	945.921348315	599	4	40
Sample5ASea	64.8743	859.725274725	555	4	40
Sample5ATea	64.45546	930.575	560	4	40
Sample5AXXX	65.37852	889.81	586	4	40
Sample5AZeb	69.82097	993.164835165	600	4	40
Sample5b5WPM	59.52886	1240.21052632	686	4	5
Sample5BRem	66.66404	1003.16494845	626	4	40
Sample5BSea	68.74279	1254.03896104	648	4	40
Sample5BTea	62.4184	778.727272727	542	4	40
Sample5BXXX	63.65542	936.070588235	564	4	40
Sample5BYes	67.06921	993.609756098	583	4	40
Sample5CYes	73.07242	1018.59433962	676	4	40
Sample5CZeb	70.21377	1113.25	629	4	40
Sample6ARem	65.38267	905.535714286	581	4	50
Sample6ASea	55.84396	698.473684211	489	4	50
Sample6ATea	71.02214	909.289719626	609	4	50
Sample6BRem	69.15038	972.56122449	621	4	50
Sample6BSea	65.57169	884.6	550	4	50
Sample6BTea	70.28064	983.233333333	612	4	50
SampleFiEas	70.4115	1046.61363636	637	4	40
SampleFiiEas	72.33687	1138.02912621	682	4	40
SampleFiiiRem	54.29797	535.013888889	394	4	60
SampleFiiiYes	68.03454	905.12345679	554	4	50
SampleFiiOne	70.4324	1181.65853659	620	4	40
SampleFiiWes	72.79376	1202.12396694	737	4	40
SampleFiOne	68.33415	1151.9	630	4	40
SampleFivSea	62.39239	748.927710843	482	4	60
SampleFivTea	48.92235	570.882352941	369	4	60
SampleFiWes	65.88239	862.894736842	571	4	40
SampleFiXXX	67.3105	1270.6547619	640	4	50
SampleFiYes	62.87859	827.173469388	549	4	50
SampleFiZeb	68.73056	904.20212766	581	4	50
SampleFviiiXXX	65.19478	892.709302326	562	4	50
SampleFviiSea	58.12857	653.714285714	421	4	60
SampleFviZeb	65.946	969.513157895	573	4	50
SampleFvRem	53.90463	599.158730159	387	4	60
SampleFvTea	49.0521	484.2	339	4	60
Samplep1bEJP	67.6038	1121.46236559	652	4	20
Samplep2aEJP	66.36495	1103.64705882	661	4	20
Samplep3cEJP	59.36275	967.733333333	582	4	20
Sample1a10EJP	57.57599	1185.01369863	607	5	10
Sample1a10LJP	61.92298	1128.37078652	651	5	10
Sample1a10SS2	53.71733	922.608695652	587	5	10
Sample1a20LJP	66.21345	973.910891089	609	5	20
Sample1a30LJP	66.78654	1043.50561798	614	5	30
Sample1a5EJP	54.1327	1072.34831461	624	5	5
Sample1a5LJP	60.77471	1054.9	624	5	5
Sample1a5SS1	52.81358	910.279069767	574	5	5
Sample1a5SS2	50.2457	921.04	545	5	5
Sample1AOne	63.1154	1311.18390805	691	5	5
Sample1ARem	49.23274	903.189873418	564	5	5
Sample1ASea	49.13064	933.213333333	554	5	5
Sample1ATea	55.93308	1071.76190476	633	5	5
Sample1AWes	57.8388	992.891304348	604	5	5
Sample1AXXX	52.61566	881	586	5	5
Sample1AYes	50.38356	917.194805195	554	5	5
Sample1b10EJP	56.08837	814.826923077	566	5	10
Sample1b10SS1	51.33315	854.988372093	538	5	10
Sample1b10SS2	54.55235	844.920454545	556	5	10
Sample1b20LJP	57.93684	858.513157895	512	5	20
Sample1b5EJP	52.57432	953.444444444	563	5	5
Sample1b5LJP	51.59489	975.126760563	561	5	5
Sample1b5SS1	56.27723	1075.80412371	676	5	5
Sample1b5SS2	50.89604	947.117647059	578	5	5
Sample1BEas	53.32289	968.682926829	583	5	5
Sample1BRem	55.22049	977.75	601	5	5
Sample1BSea	58.58265	1234.24137931	673	5	5
Sample1BTea	51.88206	1051.20689655	615	5	5
Sample1BXXX	50.34483	857.318181818	512	5	5
Sample1BYes	60.54236	1129.35643564	649	5	5
Sample1BZeb	55.57809	950.896907216	593	5	5
Sample1CSea	55.90249	1128.34210526	629	5	5
Sample1CZeb	52.33688	907.739130435	596	5	5
Sample1EOne	51.34866	932.75	574	5	5
Sample2a10EJP	53.4166	878.121212121	586	5	10
Sample2a10LJP	58.25787	1111	626	5	10
Sample2a10SS1	63.57902	1220.12359551	675	5	10
Sample2a10SS2	56.37685	1052.89534884	618	5	10
Sample2a10WPM	51.79241	1028.28571429	562	5	10
Sample2a20LJP	69.80081	1219.03333333	659	5	20
Sample2a30LJP	61.98388	793.674418605	511	5	30
Sample2a5EJP	45.51668	986.833333333	482	5	5
Sample2a5LJP	58.9751	1078	670	5	5
Sample2a5SS1	55.48622	1071.9	641	5	5
Sample2a5SS2	50.29367	856.01010101	583	5	5
Sample2a5WPM	48.30347	772.523255814	527	5	5
Sample2ARem	60.40956	1075.92134831	618	5	10
Sample2ASea	58.36098	956.819148936	615	5	10
Sample2ATea	55.3215	922.75	599	5	10
Sample2AWes1	51.0323	847.95	573	5	10
Sample2AWes2	58.5732	1135.2625	640	5	10
Sample2AXXX	56.38634	993.833333333	565	5	10
Sample2AYes	57.6703	1030.47368421	631	5	10
Sample2b10EJP	53.03113	1045.64935065	581	5	10
Sample2b10LJP	65.84601	1049.13513514	669	5	10
Sample2b10SS1	60.10175	1035.16483516	642	5	10
Sample2b10SS2	50.06213	856.129411765	549	5	10
Sample2b20LJP	67.54162	1098.80412371	624	5	20
Sample2b5LJP	52.73965	1083.82894737	606	5	5
Sample2b5SS1	53.05395	1105.11842105	613	5	5
Sample2b5SS2	49.33886	927.194805195	564	5	5
Sample2b5WPM	50.52809	1009.63013699	559	5	5
Sample2BEas	53.828	967	592	5	10
Sample2BOne	59.06249	993.247058824	591	5	10
Sample2BRem	54.23397	964.666666667	563	5	10
Sample2BTea	62.22206	1139.57692308	628	5	10
Sample2BXXX	60.55984	1172.89655172	633	5	10
Sample2BZeb	58.27549	987.666666667	625	5	10
Sample2c5EJP	53.6335	967.194174757	612	5	5
Sample2CEas	62.1002	1180.33333333	662	5	10
Sample2CSea	64.86686	1122.01010101	672	5	10
Sample2CWes1	50.74002	861.875	560	5	10
Sample2CWes2	48.77615	969.641791045	538	5	10
Sample2CYes	60.3636	1045.01098901	631	5	10
Sample2CZeb	62.43668	1050.10752688	645	5	10
Sample2EOne	51.35188	888.012987013	546	5	10
Sample3a10SS1	61.99366	1247.60550459	722	5	10
Sample3a10WPM	45.58993	726.240963855	496	5	10
Sample3a5SS1	52.36065	984.674418605	581	5	5
Sample3a5WPM	46.83544	891.12987013	531	5	5
Sample3AOne	71.8915	1049.40952381	642	5	20
Sample3ARem	62.14999	954.413793103	588	5	20
Sample3ATea	63.44928	981.672897196	627	5	20
Sample3AWes	65.52112	1151.78	679	5	20
Sample3AYes	70.75803	1132.19266055	661	5	20
Sample3AZeb	62.42748	1019.88157895	570	5	20
Sample3b10WPM	53.2449	1083.57692308	572	5	10
Sample3b5SS2	57.58581	980.495145631	646	5	5
Sample3b5WPM	49.88438	890.154761905	543	5	5
Sample3BEas	65.06864	1119.25	635	5	20
Sample3BOne	64.08183	1079.61111111	614	5	20
Sample3BRem	71.00308	1239.13402062	693	5	20
Sample3BSea	61.49728	1027.25	590	5	20
Sample3BTea	70.6161	1094.67924528	680	5	20
Sample3BWes	61.07863	1076.71910112	622	5	20
Sample3BXXX	60.75454	933.5	566	5	20
Sample3CSea	64.61839	868.919191919	567	5	20
Sample3CXXX	66.33136	1084.90804598	623	5	20
Sample3CYes	74.85176	1276.04098361	761	5	20
Sample3CZeb	68.85585	1077	647	5	20
Sample4a10WPM	50.07835	891.578947368	539	5	10
Sample4a5WPM	49.82471	887.6	553	5	5
Sample4AEas	76.80631	1249.50458716	727	5	30
Sample4ARem	68.99598	1062.60416667	644	5	30
Sample4ASea	60.12223	983.06741573	572	5	30
Sample4ATea	63.28337	921.87826087	620	5	30
Sample4AWes	72.91716	1100.32110092	675	5	30
Sample4AYes	71.59145	1028.6779661	676	5	30
Sample4AZeb	68.39342	1120.95	642	5	30
Sample4BEas	73.96787	1174.14018692	709	5	30
Sample4BRem	62.81792	976.5	591	5	30
Sample4BSea	58.98511	786.014492754	471	5	30
Sample4BTea	66.32619	991.557692308	624	5	30
Sample4BXXX	63.60873	875.445783133	547	5	30
Sample4BYes	72.05416	1059.5106383	632	5	30
Sample4CEas	70.19033	1080.86	656	5	30
Sample4CWes	63.30891	890.074074074	536	5	30
Sample4CXXX	70.51615	1031.2	621	5	30
Sample4CZeb	63.75217	1066.27906977	599	5	30
Sample4DEas	73.56556	1124.80412371	650	5	30
Sample4DOne	65.7898	1080.79545455	598	5	30
Sample4EOne	64.58752	934.333333333	581	5	30
Sample5a10WPM	56.1841	855.782608696	562	5	10
Sample5a5WPM	49.97642	1015.06024096	584	5	5
Sample5ARem	66.74523	894.628865979	589	5	40
Sample5ASea	67.91121	891.278846154	592	5	40
Sample5ATea	65.90301	930.176470588	564	5	40
Sample5AXXX	66.54819	957.61627907	584	5	40
Sample5AZeb	68.30248	957.61627907	584	5	40
Sample5b5WPM	57.83506	1130.53846154	654	5	5
Sample5BRem	69.16471	1007.03030303	632	5	40
Sample5BSea	74.47489	994.776785714	651	5	40
Sample5BTea	62.35831	926.012987013	541	5	40
Sample5BXXX	64.58859	873.802197802	556	5	40
Sample5BYes	65.52491	1047.36986301	579	5	40
Sample5CYes	69.85133	991.907563025	673	5	40
Sample5CZeb	68.454	1078.92592593	607	5	40
Sample6ARem	64.30673	990.828947368	578	5	50
Sample6ASea	61.62825	846.193181818	523	5	50
Sample6ATea	70.09071	990.068965517	609	5	50
Sample6BRem	71.69892	1021.56122449	651	5	50
Sample6BSea	59.47744	920.059701493	527	5	50
Sample6BTea	69.7376	946.639175258	618	5	50
SampleFiEas	72.95697	1167.41	676	5	40
SampleFiiEas	69.89407	1179.03	675	5	40
SampleFiiiRem	52.18222	503.774647887	382	5	60
SampleFiiiYes	64.78678	835.71875	559	5	50
SampleFiiOne	66.18686	999.387096774	606	5	40
SampleFiiWes	72.93697	1266.82142857	737	5	40
SampleFiOne	63.20233	1153.30882353	583	5	40
SampleFivSea	61.48744	784.223880597	466	5	60
SampleFivTea	48.7032	610.779661017	387	5	60
SampleFiWes	65.10898	888.817204301	583	5	40
SampleFiXXX	65.80925	1053.78571429	602	5	50
SampleFiYes	62.21299	817.012345679	533	5	50
SampleFiZeb	68.12558	885.247058824	570	5	50
SampleFviiiXXX	63.15107	852.9	550	5	50
SampleFviiSea	54.17943	635.46875	403	5	60
SampleFviZeb	65.80028	908.5	559	5	50
SampleFvRem	55.70115	578.915492958	402	5	60
SampleFvTea	48.66104	560.018518519	364	5	60
Samplep1bEJP	66.99513	1116.19318182	640	5	20
Samplep2aEJP	65.48498	1175.67741935	664	5	20
Samplep3cEJP	60.84747	1021.66666667	600	5	20
Sample1a10EJP	52.36924	952.358695652	592	6	10
Sample1a10LJP	59.89079	1032.61363636	623	6	10
Sample1a10SS2	50.66888	873.873684211	577	6	10
Sample1a20LJP	66.96443	1086.64130435	628	6	20
Sample1a30LJP	65.3349	946.118811881	605	6	30
Sample1a5EJP	52.63522	863.453608247	580	6	5
Sample1a5LJP	55.71595	904.247524752	601	6	5
Sample1a5SS1	50.15843	998.346153846	570	6	5
Sample1a5SS2	48.07842	918.529411765	564	6	5
Sample1AOne	61.52608	1219.82978723	687	6	5
Sample1ARem	49.67931	828	549	6	5
Sample1ASea	53.06945	1008.08695652	557	6	5
Sample1ATea	54.51328	1116.61111111	651	6	5
Sample1AWes	57.89751	1069.52808989	618	6	5
Sample1AXXX	52.43954	995.118421053	569	6	5
Sample1AYes	51.59265	900.631578947	545	6	5
Sample1b10EJP	56.87124	1028.78481013	586	6	10
Sample1b10SS1	53.46802	910.528089888	558	6	10
Sample1b10SS2	51.85996	981.795180723	573	6	10
Sample1b20LJP	57.2136	849.814814815	519	6	20
Sample1b5EJP	57.07454	1036.75862069	591	6	5
Sample1b5LJP	53.8228	993.608108108	573	6	5
Sample1b5SS1	56.29558	1014.23931624	678	6	5
Sample1b5SS2	54.15936	1000.74418605	594	6	5
Sample1BEas	56.76464	1065.22891566	608	6	5
Sample1BRem	54.06591	913.913043478	581	6	5
Sample1BSea	57.96427	1209.62921348	668	6	5
Sample1BTea	52.05536	987.539473684	578	6	5
Sample1BXXX	51.40935	811.043478261	508	6	5
Sample1BYes	60.60629	1067.86	643	6	5
Sample1BZeb	53.7907	950.885416667	592	6	5
Sample1CSea	54.85357	1007.61052632	631	6	5
Sample1CZeb	51.99824	899.247524752	596	6	5
Sample1EOne	49.82739	1003.03846154	578	6	5
Sample2a10EJP	52.15869	998.692307692	590	6	10
Sample2a10LJP	59.84898	1095.29473684	645	6	10
Sample2a10SS1	58.38331	1102.71	672	6	10
Sample2a10SS2	54.86348	1042.34615385	604	6	10
Sample2a10WPM	49.94301	923.386363636	564	6	10
Sample2a20LJP	65.8409	1164.6875	669	6	20
Sample2a30LJP	60.17491	899.04	523	6	30
Sample2a5EJP	48.73365	827.963414634	504	6	5
Sample2a5LJP	56.33852	1063.06603774	665	6	5
Sample2a5SS1	53.82528	964.0625	632	6	5
Sample2a5SS2	52.11297	917.359550562	576	6	5
Sample2a5WPM	48.04189	992.590163934	538	6	5
Sample2ARem	60.72482	1023.52941176	612	6	10
Sample2ASea	58.93459	1096.2173913	647	6	10
Sample2ATea	54.96512	998.244897959	611	6	10
Sample2AWes1	54.50912	906	558	6	10
Sample2AWes2	59.82964	1058.89655172	629	6	10
Sample2AXXX	53.05813	918.678571429	557	6	10
Sample2AYes	60.87271	1106.75609756	627	6	10
Sample2b10EJP	55.439	956.153846154	589	6	10
Sample2b10LJP	60.48745	1124.03448276	649	6	10
Sample2b10SS1	59.17521	1205.25	668	6	10
Sample2b10SS2	54.22625	845.639534884	550	6	10
Sample2b20LJP	65.81814	1062.91666667	628	6	20
Sample2b5LJP	55.29041	996.8	595	6	5
Sample2b5SS1	52.26611	833.857142857	579	6	5
Sample2b5SS2	51.62101	841.585714286	537	6	5
Sample2b5WPM	52.23354	960.22972973	553	6	5
Sample2BEas	58.27874	1007.01123596	602	6	10
Sample2BOne	65.08683	1213.5	634	6	10
Sample2BRem	52.18544	814.946808511	561	6	10
Sample2BTea	59.65077	1098.08791209	628	6	10
Sample2BXXX	59.86436	1075	610	6	10
Sample2BZeb	56.74794	934.048543689	627	6	10
Sample2c5EJP	58.64865	998.858490566	633	6	5
Sample2CEas	58.94399	1167.49462366	669	6	10
Sample2CSea	67.29927	1125.49056604	691	6	10
Sample2CWes1	50.65533	874.507042254	529	6	10
Sample2CWes2	48.15858	782.182926829	512	6	10
Sample2CYes	61.34566	1164.21212121	671	6	10
Sample2CZeb	64.28927	1130.51	676	6	10
Sample2EOne	55.16312	1054.84615385	576	6	10
Sample3a10SS1	59.82382	1129.2038835	685	6	10
Sample3a10WPM	48.57511	917.142857143	521	6	10
Sample3a5SS1	52.97518	986.26	604	6	5
Sample3a5WPM	49.62796	964.541666667	546	6	5
Sample3AOne	65.06462	1049.10309278	626	6	20
Sample3ARem	62.06967	940.512195122	576	6	20
Sample3ATea	57.80714	1048.6835443	589	6	20
Sample3AWes	69.92155	1243.27102804	711	6	20
Sample3AYes	68.35768	1240.63636364	657	6	20
Sample3AZeb	60.30264	913.368421053	536	6	20
Sample3b10WPM	46.96398	819.95	527	6	10
Sample3b5SS2	54.94548	1069.32142857	637	6	5
Sample3b5WPM	50.83147	894.074074074	540	6	5
Sample3BEas	66.40855	1038.36363636	618	6	20
Sample3BOne	65.81333	992.306930693	622	6	20
Sample3BRem	69.36225	1131.61702128	664	6	20
Sample3BSea	61.70889	1070.51	625	6	20
Sample3BTea	71.1535	1017.25	666	6	20
Sample3BWes	63.14225	1080.66666667	631	6	20
Sample3BXXX	58.13035	946.345679012	559	6	20
Sample3CSea	61.49145	852.28125	546	6	20
Sample3CXXX	65.78154	1156.8021978	644	6	20
Sample3CYes	74.76544	1322.48113208	743	6	20
Sample3CZeb	69.20168	1025.6	635	6	20
Sample4a10WPM	50.2029	809.411764706	526	6	10
Sample4a5WPM	49.88151	1055.95774648	567	6	5
Sample4AEas	78.08102	1260.93269231	723	6	30
Sample4ARem	69.23038	1084.86363636	641	6	30
Sample4ASea	64.51739	968.6375	551	6	30
Sample4ATea	68.01155	1020.21	624	6	30
Sample4AWes	73.67096	1275.01176471	667	6	30
Sample4AYes	75.13064	1090.17391304	671	6	30
Sample4AZeb	69.38168	1123.57303371	623	6	30
Sample4BEas	73.76299	1300.67010309	717	6	30
Sample4BRem	65.02329	978.734042553	615	6	30
Sample4BSea	54.61896	780.243243243	478	6	30
Sample4BTea	68.6404	906.078947368	613	6	30
Sample4BXXX	65.9043	961.329113924	561	6	30
Sample4BYes	68.86386	1052.57943925	639	6	30
Sample4CEas	69.31944	1071.10377358	662	6	30
Sample4CWes	58.49434	877.5	525	6	30
Sample4CXXX	67.4512	1104	619	6	30
Sample4CZeb	63.85463	975.762886598	593	6	30
Sample4DEas	68.56453	1055.40952381	648	6	30
Sample4DOne	64.99957	1026.3253012	579	6	30
Sample4EOne	61.07541	867.146788991	577	6	30
Sample5a10WPM	56.1841	855.782608696	562	6	10
Sample5a5WPM	50.18929	883.666666667	565	6	5
Sample5ARem	66.89033	982.9	603	6	40
Sample5ASea	65.29722	897.46875	581	6	40
Sample5ATea	64.54675	874.961538462	549	6	40
Sample5AXXX	64.91976	817.84375	560	6	40
Sample5AZeb	67.64734	1008.65822785	589	6	40
Sample5b5WPM	60.65431	1344.16666667	665	6	5
Sample5BRem	66.47495	1212.21126761	622	6	40
Sample5BSea	70.96051	1070.5	649	6	40
Sample5BTea	62.30451	845.048192771	536	6	40
Sample5BXXX	63.7086	915.045977011	563	6	40
Sample5BYes	64.98357	985.329787234	599	6	40
Sample5CYes	74.02017	1067.45631068	669	6	40
Sample5CZeb	68.10774	980.845360825	612	6	40
Sample6ARem	64.43022	852.345679012	544	6	50
Sample6ASea	57.38673	820.042253521	493	6	50
Sample6ATea	69.09073	891.345794393	612	6	50
Sample6BRem	68.26292	882.555555556	617	6	50
Sample6BSea	67.89563	894.333333333	565	6	50
Sample6BTea	66.94024	862.010989011	590	6	50
SampleFiEas	68.97206	1034.79245283	653	6	40
SampleFiiEas	72.1629	1213.35714286	686	6	40
SampleFiiiRem	55.56697	630.056603774	399	6	60
SampleFiiiYes	62.78833	838.258064516	560	6	50
SampleFiiOne	67.81904	994.75	618	6	40
SampleFiiWes	77.11935	1420.30555556	771	6	40
SampleFiOne	66.72771	1021.875	615	6	40
SampleFivSea	62.31921	751.647058824	459	6	60
SampleFivTea	46.77744	537.25	361	6	60
SampleFiWes	66.94367	918.563218391	575	6	40
SampleFiXXX	64.8478	1113.39759036	612	6	50
SampleFiYes	65.39025	833.533333333	546	6	50
SampleFiZeb	73.02494	926	586	6	50
SampleFviiiXXX	63.69507	898.014705882	534	6	50
SampleFviiSea	59.00322	637.283783784	422	6	60
SampleFviZeb	65.96009	846.29787234	571	6	50
SampleFvRem	58.0082	615.984375	402	6	60
SampleFvTea	51.84189	573.5	359	6	60
Samplep1bEJP	63.7355	994.083333333	635	6	20
Samplep2aEJP	63.34328	1077.37931034	638	6	20
Samplep3cEJP	57.888	918	598	6	20
Sample1a10EJP	55.1212	939.957446809	590	7	10
Sample1a10LJP	60.70154	1205.53333333	663	7	10
Sample1a10SS2	55.297	850.554455446	576	7	10
Sample1a20LJP	59.54907	961.534883721	582	7	20
Sample1a30LJP	70.08384	1095.22222222	613	7	30
Sample1a5EJP	57.61855	1038.02631579	595	7	5
Sample1a5LJP	59.33221	985	608	7	5
Sample1a5SS1	51.47454	945.625	572	7	5
Sample1a5SS2	49.92344	836.986486486	529	7	5
Sample1AOne	61.93824	1282.75	693	7	5
Sample1ARem	50.52036	961.5	572	7	5
Sample1ASea	54.37334	1318.43661972	613	7	5
Sample1ATea	54.21028	1125.01219512	628	7	5
Sample1AWes	51.09788	1062.45205479	576	7	5
Sample1AXXX	51.20089	874.172043011	576	7	5
Sample1AYes	51.94104	863.97826087	560	7	5
Sample1b10EJP	57.48488	972.610526316	596	7	10
Sample1b10SS1	49.08198	869.540540541	529	7	10
Sample1b10SS2	55.74988	967.568181818	582	7	10
Sample1b20LJP	61.15252	891.75	533	7	20
Sample1b5EJP	54.58689	1105.06756757	581	7	5
Sample1b5LJP	52.50604	895.566666667	558	7	5
Sample1b5SS1	54.91051	1072.81707317	643	7	5
Sample1b5SS2	55.03614	995.833333333	595	7	5
Sample1BEas	54.05265	973.569620253	589	7	5
Sample1BRem	53.35537	1009.34567901	584	7	5
Sample1BSea	60.97298	1072.06122449	662	7	5
Sample1BTea	51.01551	954.571428571	587	7	5
Sample1BXXX	50.11375	900.6	510	7	5
Sample1BYes	60.7188	1196.6	683	7	5
Sample1BZeb	52.43273	929.666666667	587	7	5
Sample1CSea	56.45092	1026.11494253	621	7	5
Sample1CZeb	53.15253	982.444444444	592	7	5
Sample1EOne	49.09976	1082.04761905	568	7	5
Sample2a10EJP	55.56839	1069.5	636	7	10
Sample2a10LJP	56.34925	969.734042553	606	7	10
Sample2a10SS1	61.83831	1060.81132075	660	7	10
Sample2a10SS2	58.2218	931.899082569	623	7	10
Sample2a10WPM	49.17921	1008.08695652	557	7	10
Sample2a20LJP	66.1454	1134	670	7	20
Sample2a30LJP	60.74106	899.076923077	519	7	30
Sample2a5EJP	48.40576	912.373134328	502	7	5
Sample2a5LJP	56.20854	1047.36111111	670	7	5
Sample2a5SS1	56.05239	1259.81481481	657	7	5
Sample2a5SS2	52.17386	960.011764706	582	7	5
Sample2a5WPM	46.89036	916.630769231	522	7	5
Sample2ARem	54.11954	920.12987013	560	7	10
Sample2ASea	59.99585	1066.06451613	637	7	10
Sample2ATea	54.38621	1135.075	604	7	10
Sample2AWes1	55.85468	1056.63888889	589	7	10
Sample2AWes2	60.23363	1055.10526316	641	7	10
Sample2AXXX	53.3392	904.5375	552	7	10
Sample2AYes	61.53873	1050.86734694	635	7	10
Sample2b10EJP	52.35947	879.81	576	7	10
Sample2b10LJP	61.10378	1160.01111111	665	7	10
Sample2b10SS1	58.87187	1252.12941176	674	7	10
Sample2b10SS2	54.415	995.096385542	580	7	10
Sample2b20LJP	68.37324	1165.31632653	651	7	20
Sample2b5LJP	55.43061	1150.30337079	643	7	5
Sample2b5SS1	49.6188	940.443181818	598	7	5
Sample2b5SS2	52.67413	953.289473684	560	7	5
Sample2b5WPM	50.46128	900.243243243	535	7	5
Sample2BEas	57.45479	1007.1547619	597	7	10
Sample2BOne	52.68786	1087.95652174	581	7	10
Sample2BRem	53.421	864.697368421	562	7	10
Sample2BTea	60.36994	1124.20512821	609	7	10
Sample2BXXX	55.94997	910.239130435	588	7	10
Sample2BZeb	61.00054	1045.65957447	639	7	10
Sample2c5EJP	57.22403	1000.66666667	612	7	5
Sample2CEas	56.35424	1042.37894737	640	7	10
Sample2CSea	64.5955	1110.125	698	7	10
Sample2CWes1	48.73747	764.78021978	535	7	10
Sample2CWes2	47.44124	778.652173913	496	7	10
Sample2CYes	62.49899	1145.93814433	668	7	10
Sample2CZeb	60.41366	988.224489796	642	7	10
Sample2EOne	52.79082	927.692307692	540	7	10
Sample3a10SS1	64.0009	1205.14018692	707	7	10
Sample3a10WPM	47.85403	857.12987013	524	7	10
Sample3a5SS1	52.80968	914.538461538	556	7	5
Sample3a5WPM	49.63612	918.619047619	554	7	5
Sample3AOne	68.01546	1127.86	652	7	20
Sample3ARem	61.38929	931.534090909	575	7	20
Sample3ATea	65.88124	1126.37349398	618	7	20
Sample3AWes	71.18605	1291.57692308	721	7	20
Sample3AYes	70.17767	1182.34375	654	7	20
Sample3AZeb	57.22767	781.573033708	535	7	20
Sample3b10WPM	51.55241	868.011111111	552	7	10
Sample3b5SS2	54.36682	1027.83870968	646	7	5
Sample3b5WPM	54.18239	939.5	554	7	5
Sample3BEas	66.66901	978.666666667	617	7	20
Sample3BOne	68.46247	1166.8988764	646	7	20
Sample3BRem	69.77734	1034.49056604	666	7	20
Sample3BSea	65.6548	1058.2952381	634	7	20
Sample3BTea	68.3213	1225.3255814	672	7	20
Sample3BWes	64.09684	944.628571429	614	7	20
Sample3BXXX	61.32198	921.896551724	567	7	20
Sample3CSea	58.89541	816.227722772	544	7	20
Sample3CXXX	64.79057	1059.78	632	7	20
Sample3CYes	77.19364	1326.17924528	750	7	20
Sample3CZeb	67.11752	953.675	642	7	20
Sample4a10WPM	48.45172	831.518987342	521	7	10
Sample4a5WPM	50.95813	906.75	548	7	5
Sample4AEas	75.8322	1234.21782178	700	7	30
Sample4ARem	66.79679	1156.7	665	7	30
Sample4ASea	59.64588	929.151898734	532	7	30
Sample4ATea	66.64181	973.9	594	7	30
Sample4AWes	74.71377	1182.44680851	663	7	30
Sample4AYes	73.04624	1065.12598425	688	7	30
Sample4AZeb	64.84374	1035.15463918	615	7	30
Sample4BEas	73.01391	1143.37903226	724	7	30
Sample4BRem	66.76515	1009.55555556	629	7	30
Sample4BSea	58.09068	808	481	7	30
Sample4BTea	66.63712	1047.56521739	623	7	30
Sample4BXXX	64.44786	874.957894737	568	7	30
Sample4BYes	70.01596	1044.22727273	650	7	30
Sample4CEas	71.29644	1099.375	671	7	30
Sample4CWes	60.69398	894.272727273	528	7	30
Sample4CXXX	62.02995	956.534883721	577	7	30
Sample4CZeb	60.82537	942.876404494	579	7	30
Sample4DEas	69.355	1093.53	651	7	30
Sample4DOne	59.51936	1097.8	577	7	30
Sample4EOne	60.0169	994.684931507	558	7	30
Sample5a10WPM	56.1841	855.782608696	562	7	10
Sample5a5WPM	51.2403	978.814814815	579	7	5
Sample5ARem	68.12973	936.087912088	583	7	40
Sample5ASea	63.88505	920.719101124	571	7	40
Sample5ATea	62.4504	809.43877551	550	7	40
Sample5AXXX	62.94483	911.038961039	557	7	40
Sample5AZeb	70.6117	1074.90804598	613	7	40
Sample5b5WPM	58.22309	1117.60204082	663	7	5
Sample5BRem	68.65553	1026.5	620	7	40
Sample5BSea	73.24885	1129.15151515	667	7	40
Sample5BTea	61.06072	778.744186047	526	7	40
Sample5BXXX	60.76945	910	547	7	40
Sample5BYes	62.12885	995.833333333	567	7	40
Sample5CYes	76.00223	1151.00990099	692	7	40
Sample5CZeb	70.48685	969.894736842	637	7	40
Sample6ARem	68.21053	935.928571429	595	7	50
Sample6ASea	57.56705	719.623376623	479	7	50
Sample6ATea	71.61087	969.18556701	614	7	50
Sample6BRem	71.61041	1034.08510638	642	7	50
Sample6BSea	62.84407	815.480392157	564	7	50
Sample6BTea	68.95519	910.780487805	584	7	50
SampleFiEas	70.82721	1010.41441441	656	7	40
SampleFiiEas	68.16499	969	657	7	40
SampleFiiiRem	57.42633	571.797101449	412	7	60
SampleFiiiYes	64.35913	868.448275862	547	7	50
SampleFiiOne	68.00271	1025.66666667	614	7	40
SampleFiiWes	73.07132	1207.5546875	752	7	40
SampleFiOne	63.06438	1063.72527473	619	7	40
SampleFivSea	61.99509	802.537313433	475	7	60
SampleFivTea	48.81012	539.092307692	374	7	60
SampleFiWes	66.4326	1060.7027027	588	7	40
SampleFiXXX	67.63488	1003.93814433	607	7	50
SampleFiYes	63.18284	866.12987013	533	7	50
SampleFiZeb	72.51588	904.96460177	607	7	50
SampleFviiiXXX	64.13474	796.811111111	534	7	50
SampleFviiSea	57.52058	605.059701493	408	7	60
SampleFviZeb	70.30051	936	596	7	50
SampleFvRem	55.59864	693.678571429	406	7	60
SampleFvTea	48.80209	508.081967213	362	7	60
Samplep1bEJP	65.54035	1254.2804878	655	7	20
Samplep2aEJP	65.36041	1171.075	640	7	20
Samplep3cEJP	61.20752	977.674418605	574	7	20
Sample1a10EJP	55.01818	1050.75	587	8	10
Sample1a10LJP	62.21319	1156.19148936	663	8	10
Sample1a10SS2	54.09079	971.534090909	583	8	10
Sample1a20LJP	64.07953	995.594594595	631	8	20
Sample1a30LJP	69.08595	937.940594059	602	8	30
Sample1a5EJP	53.68704	896.106382979	591	8	5
Sample1a5LJP	58.58817	1075.4137931	620	8	5
Sample1a5SS1	51.70112	1011.06024096	580	8	5
Sample1a5SS2	49.51586	993.014285714	559	8	5
Sample1AOne	58.15764	1039.13461538	650	8	5
Sample1ARem	49.10146	928.037974684	565	8	5
Sample1ASea	49.82494	889.119047619	559	8	5
Sample1ATea	56.25942	1090.13483146	629	8	5
Sample1AWes	53.47158	983.235955056	602	8	5
Sample1AXXX	50.47877	868.97826087	565	8	5
Sample1AYes	51.26952	790.608247423	549	8	5
Sample1b10EJP	57.16239	932.295918367	594	8	10
Sample1b10SS1	49.32127	778.761904762	520	8	10
Sample1b10SS2	52.96069	965.117647059	569	8	10
Sample1b20LJP	60.82797	891.214285714	515	8	20
Sample1b5EJP	54.44443	942.036144578	561	8	5
Sample1b5LJP	51.85317	972.6375	571	8	5
Sample1b5SS1	54.65142	1039.30693069	669	8	5
Sample1b5SS2	53.21375	919.75	596	8	5
Sample1BEas	53.39714	939.578947368	596	8	5
Sample1BRem	53.95423	949.565217391	592	8	5
Sample1BSea	59.14084	1127.96875	667	8	5
Sample1BTea	50.53192	913.126582278	571	8	5
Sample1BXXX	51.84633	880.702702703	531	8	5
Sample1BYes	59.69002	1306.17857143	656	8	5
Sample1BZeb	51.40162	907.631578947	580	8	5
Sample1CSea	57.15974	988.141509434	643	8	5
Sample1CZeb	52.07491	973.573170732	594	8	5
Sample1EOne	50.0963	863.010989011	566	8	5
Sample2a10EJP	54.6949	973.358695652	613	8	10
Sample2a10LJP	57.62613	1053.25	622	8	10
Sample2a10SS1	63.09978	1182.55660377	695	8	10
Sample2a10SS2	60.39346	1075.72527473	631	8	10
Sample2a10WPM	49.84973	955.013888889	550	8	10
Sample2a20LJP	70.87886	1204.45714286	678	8	20
Sample2a30LJP	62.51779	814.678571429	512	8	30
Sample2a5EJP	48.57389	878.643835616	502	8	5
Sample2a5LJP	60.14443	1180.65909091	671	8	5
Sample2a5SS1	54.67042	1006.81632653	639	8	5
Sample2a5SS2	52.29865	960	579	8	5
Sample2a5WPM	46.79903	895	535	8	5
Sample2ARem	58.67859	982.127659574	610	8	10
Sample2ASea	60.22097	985.618556701	625	8	10
Sample2ATea	56.14548	1016.56701031	611	8	10
Sample2AWes1	53.52951	866.369047619	561	8	10
Sample2AWes2	56.91448	1070.89534884	636	8	10
Sample2AXXX	58.02209	969.038461538	570	8	10
Sample2AYes	58.90028	1002.47916667	627	8	10
Sample2b10EJP	53.22649	1119.77777778	606	8	10
Sample2b10LJP	63.31438	1126.56521739	652	8	10
Sample2b10SS1	55.37393	1122.25	634	8	10
Sample2b10SS2	52.10669	950.666666667	549	8	10
Sample2b20LJP	66.27828	1106.5	646	8	20
Sample2b5LJP	55.31672	977.618556701	617	8	5
Sample2b5SS1	49.75439	1043.71014493	589	8	5
Sample2b5SS2	50.89224	868.010989011	571	8	5
Sample2b5WPM	49.22281	916.693181818	563	8	5
Sample2BEas	55.22843	945.087912088	592	8	10
Sample2BOne	59.37311	982.494505495	601	8	10
Sample2BRem	54.00525	923.628205128	559	8	10
Sample2BTea	58.38663	1064.18604651	610	8	10
Sample2BXXX	56.11111	901.26	585	8	10
Sample2BZeb	61.69237	989.237623762	635	8	10
Sample2c5EJP	54.47252	961.596153846	615	8	5
Sample2CEas	60.16312	1279.24657534	640	8	10
Sample2CSea	64.21069	1170.52884615	695	8	10
Sample2CWes1	53.19384	866.581395349	555	8	10
Sample2CWes2	48.88051	845.614457831	542	8	10
Sample2CYes	60.35385	991.78	634	8	10
Sample2CZeb	64.20044	1180.6875	685	8	10
Sample2EOne	51.47238	963.4	544	8	10
Sample3a10SS1	59.99473	1135.0952381	676	8	10
Sample3a10WPM	47.7647	834.2	513	8	10
Sample3a5SS1	50.99756	905.776595745	572	8	5
Sample3a5WPM	48.40481	888.012658228	537	8	5
Sample3AOne	68.76205	1019.8362069	646	8	20
Sample3ARem	63.29964	973.554455446	614	8	20
Sample3ATea	65.47138	1157.09278351	644	8	20
Sample3AWes	67.51463	1347.34615385	726	8	20
Sample3AYes	66.95458	1130.85714286	638	8	20
Sample3AZeb	58.15222	862.448275862	541	8	20
Sample3b10WPM	51.40986	1030.57746479	560	8	10
Sample3b5SS2	54.57967	980.628571429	650	8	5
Sample3b5WPM	50.7395	890.965517241	553	8	5
Sample3BEas	67.65793	1122.20792079	648	8	20
Sample3BOne	65.50335	943.594594595	614	8	20
Sample3BRem	72.93009	1154	692	8	20
Sample3BSea	64.10698	1069.13483146	608	8	20
Sample3BTea	70.79329	982.448598131	638	8	20
Sample3BWes	62.09812	976	605	8	20
Sample3BXXX	59.59782	829.258064516	551	8	20
Sample3CSea	62.02025	1039.17073171	573	8	20
Sample3CXXX	66.02571	1182.14130435	648	8	20
Sample3CYes	76.36151	1267.02654867	751	8	20
Sample3CZeb	68.03691	1036.41	626	8	20
Sample4a10WPM	49.84576	998.103448276	520	8	10
Sample4a5WPM	51.96767	934.738636364	558	8	5
Sample4AEas	78.03328	1195.68595041	725	8	30
Sample4ARem	64.45815	1018.22330097	639	8	30
Sample4ASea	60.76126	946.447368421	527	8	30
Sample4ATea	68.18734	1026.37113402	615	8	30
Sample4AWes	73.36888	1095.65178571	679	8	30
Sample4AYes	74.60967	1270.14285714	705	8	30
Sample4AZeb	65.45716	1010.3627451	608	8	30
Sample4BEas	71.55248	1211.03	707	8	30
Sample4BRem	66.46105	888.87628866	603	8	30
Sample4BSea	58.29909	806.890625	464	8	30
Sample4BTea	70.75787	1025.48113208	641	8	30
Sample4BXXX	64.00915	862.289156627	545	8	30
Sample4BYes	71.3016	1157.62352941	637	8	30
Sample4CEas	67.91786	1087.05932203	689	8	30
Sample4CWes	62.70973	877.12345679	526	8	30
Sample4CXXX	68.23027	1076.94117647	646	8	30
Sample4CZeb	61.17247	962.619047619	571	8	30
Sample4DEas	68.90133	1060.45454545	643	8	30
Sample4DOne	64.6011	1194.66666667	624	8	30
Sample4EOne	65.5068	1139.36904762	609	8	30
Sample5a10WPM	56.1841	855.782608696	562	8	10
Sample5a5WPM	47.5851	934.076923077	554	8	5
Sample5ARem	68.26181	1047.72727273	590	8	40
Sample5ASea	65.47307	939.483870968	583	8	40
Sample5ATea	66.23277	944	572	8	40
Sample5AXXX	66.4362	961.444444444	571	8	40
Sample5AZeb	69.88145	919.759259259	608	8	40
Sample5b5WPM	58.57258	1109.96875	649	8	5
Sample5BRem	67.84242	1042.16853933	625	8	40
Sample5BSea	71.98022	1236.76086957	668	8	40
Sample5BTea	58.27694	772.469879518	523	8	40
Sample5BXXX	60.36834	754.237113402	528	8	40
Sample5BYes	63.48713	991.743589744	570	8	40
Sample5CYes	73.43064	1015.30357143	674	8	40
Sample5CZeb	65.61087	1032.10989011	609	8	40
Sample6ARem	66.80874	878.530120482	564	8	50
Sample6ASea	58.84019	867.014705882	503	8	50
Sample6ATea	67.89597	897.12371134	594	8	50
Sample6BRem	68.2233	936.597826087	617	8	50
Sample6BSea	66.10689	1000.56666667	585	8	50
Sample6BTea	68.96781	888.395604396	599	8	50
SampleFiEas	70.56747	1092.03157895	657	8	40
SampleFiiEas	68.80875	1224.26086957	666	8	40
SampleFiiiRem	53.99142	546.193548387	387	8	60
SampleFiiiYes	60.53375	788.909090909	520	8	50
SampleFiiOne	65.30416	1004.03571429	597	8	40
SampleFiiWes	74.0509	1259.81538462	771	8	40
SampleFiOne	65.48753	1070.15384615	616	8	40
SampleFivSea	61.42262	751.131578947	476	8	60
SampleFivTea	48.98763	513.153846154	374	8	60
SampleFiWes	65.97763	939.087912088	586	8	40
SampleFiXXX	63.65612	946.366666667	578	8	50
SampleFiYes	64.49547	900.5	551	8	50
SampleFiZeb	68.51375	935.863636364	585	8	50
SampleFviiiXXX	63.56789	794.078651685	538	8	50
SampleFviiSea	56.53465	674	410	8	60
SampleFviZeb	65.94106	903.304878049	568	8	50
SampleFvRem	55.41163	608.513888889	409	8	60
SampleFvTea	49.60569	516.85	357	8	60
Samplep1bEJP	63.03627	1065.04597701	632	8	20
Samplep2aEJP	67.48341	1119.34285714	672	8	20
Samplep3cEJP	61.11876	1098.5	611	8	20
Sample1a10EJP	50.90357	1009.90909091	576	9	10
Sample1a10LJP	62.09663	1218.85869565	671	9	10
Sample1a10SS2	51.47625	962.185185185	581	9	10
Sample1a20LJP	66.72534	995.244897959	608	9	20
Sample1a30LJP	68.32299	1122.67901235	616	9	30
Sample1a5EJP	54.29833	1139.58441558	614	9	5
Sample1a5LJP	55.73974	994.6375	593	9	5
Sample1a5SS1	51.74809	1022.23529412	595	9	5
Sample1a5SS2	48.61049	803.333333333	549	9	5
Sample1AOne	59.98899	1153.01111111	658	9	5
Sample1ARem	49.33304	927.119402985	551	9	5
Sample1ASea	50.87465	916.6	550	9	5
Sample1ATea	55.80123	1149.2247191	652	9	5
Sample1AWes	52.95072	1006.29166667	574	9	5
Sample1AXXX	49.83636	842.923076923	566	9	5
Sample1AYes	51.08165	860.906976744	560	9	5
Sample1b10EJP	55.67794	1092.19230769	595	9	10
Sample1b10SS1	50.24883	925.881578947	539	9	10
Sample1b10SS2	53.50339	973.571428571	585	9	10
Sample1b20LJP	58.64949	784.142857143	517	9	20
Sample1b5EJP	54.95864	983.032967033	581	9	5
Sample1b5LJP	56.53004	946.594059406	595	9	5
Sample1b5SS1	57.12405	1088.28	675	9	5
Sample1b5SS2	52.83876	1123.06756757	599	9	5
Sample1BEas	52.69795	947.6875	571	9	5
Sample1BRem	53.91046	896.206185567	583	9	5
Sample1BSea	57.18559	1044.07920792	649	9	5
Sample1BTea	53.0658	913.709302326	583	9	5
Sample1BXXX	50.43038	797.62195122	530	9	5
Sample1BYes	59.40694	1040.67961165	645	9	5
Sample1BZeb	52.29518	952.225352113	555	9	5
Sample1CSea	55.39757	962.11	628	9	5
Sample1CZeb	52.2497	904.011111111	588	9	5
Sample1EOne	51.82888	981.431578947	602	9	5
Sample2a10EJP	53.5663	936.595505618	598	9	10
Sample2a10LJP	56.99747	1072.1	608	9	10
Sample2a10SS1	57.6829	1156.31914894	676	9	10
Sample2a10SS2	55.82602	1062.6835443	603	9	10
Sample2a10WPM	50.01926	882.939759036	546	9	10
Sample2a20LJP	71.60608	1215.75454545	698	9	20
Sample2a30LJP	60.14901	939.93902439	545	9	30
Sample2a5EJP	48.79107	1017.11864407	498	9	5
Sample2a5LJP	61.23113	1055.62393162	690	9	5
Sample2a5SS1	53.99995	1238.19736842	652	9	5
Sample2a5SS2	50.06591	820.397849462	559	9	5
Sample2a5WPM	47.3914	881.416666667	522	9	5
Sample2ARem	57.52799	985.235955056	604	9	10
Sample2ASea	58.07168	904.342857143	615	9	10
Sample2ATea	55.70228	974.903846154	610	9	10
Sample2AWes1	53.88859	894.95	560	9	10
Sample2AWes2	57.70881	965.91588785	639	9	10
Sample2AXXX	53.98057	926.368421053	549	9	10
Sample2AYes	58.85556	1002.85714286	624	9	10
Sample2b10EJP	54.53517	1047.34831461	599	9	10
Sample2b10LJP	63.00989	1282.2625	668	9	10
Sample2b10SS1	61.44363	1202.66666667	660	9	10
Sample2b10SS2	58.02008	1013.81818182	595	9	10
Sample2b20LJP	60.45332	1027.78787879	619	9	20
Sample2b5LJP	52.45238	1044.07058824	620	9	5
Sample2b5SS1	51.01812	940.066666667	597	9	5
Sample2b5SS2	54.27419	1023.61538462	560	9	5
Sample2b5WPM	52.14355	960.444444444	570	9	5
Sample2BEas	54.03099	1026.02631579	583	9	10
Sample2BOne	59.21901	1099.33333333	597	9	10
Sample2BRem	55.98674	876.483146067	578	9	10
Sample2BTea	57.82605	849.884615385	590	9	10
Sample2BXXX	60.58218	1086.12903226	623	9	10
Sample2BZeb	59.9656	1039.7244898	644	9	10
Sample2c5EJP	50.69899	966.319148936	597	9	5
Sample2CEas	57.16551	1243.04	653	9	10
Sample2CSea	63.72707	1128.91666667	694	9	10
Sample2CWes1	52.30393	1014.79411765	546	9	10
Sample2CWes2	51.88943	874.470588235	551	9	10
Sample2CYes	63.24039	1109.21649485	653	9	10
Sample2CZeb	62.50497	1194.3875	656	9	10
Sample2EOne	55.29936	952.012987013	567	9	10
Sample3a10SS1	60.69715	1219.46808511	690	9	10
Sample3a10WPM	46.89907	764.138888889	496	9	10
Sample3a5SS1	55.18541	998.473684211	599	9	5
Sample3a5WPM	46.43739	830.915662651	530	9	5
Sample3AOne	65.69002	1039.55555556	625	9	20
Sample3ARem	60.66774	1039.575	589	9	20
Sample3ATea	64.26946	1002.55555556	622	9	20
Sample3AWes	67.40138	1345.62376238	727	9	20
Sample3AYes	70.23965	1154.16483516	638	9	20
Sample3AZeb	61.60884	904.045454545	556	9	20
Sample3b10WPM	49.72109	937.5	561	9	10
Sample3b5SS2	55.15953	1005.90625	636	9	5
Sample3b5WPM	46.68008	857.535714286	533	9	5
Sample3BEas	65.75716	965.128440367	622	9	20
Sample3BOne	63.94727	1091.76923077	646	9	20
Sample3BRem	73.54521	1162.52830189	693	9	20
Sample3BSea	63.98383	1152.49367089	611	9	20
Sample3BTea	67.7573	1142.79545455	660	9	20
Sample3BWes	64.68422	1034.65625	619	9	20
Sample3BXXX	61.73659	1113.8	593	9	20
Sample3CSea	63.01214	1069.83529412	587	9	20
Sample3CXXX	62.47603	1110.64935065	607	9	20
Sample3CYes	75.96667	1278.71428571	763	9	20
Sample3CZeb	66.88741	1021.76470588	625	9	20
Sample4a10WPM	49.91511	848.584415584	530	9	10
Sample4a5WPM	47.96861	877.172413793	553	9	5
Sample4AEas	75.68561	1148.64423077	697	9	30
Sample4ARem	64.04626	975.011363636	607	9	30
Sample4ASea	61.87672	1160.56716418	565	9	30
Sample4ATea	66.89319	1091.875	634	9	30
Sample4AWes	73.83757	1198.6741573	664	9	30
Sample4AYes	73.98831	1210.52631579	705	9	30
Sample4AZeb	65.47389	1081.66666667	600	9	30
Sample4BEas	73.07321	1005	699	9	30
Sample4BRem	70.74367	1040.06451613	632	9	30
Sample4BSea	53.00581	807.52173913	471	9	30
Sample4BTea	69.09966	1005.28440367	634	9	30
Sample4BXXX	63.17324	855.75	557	9	30
Sample4BYes	68.42784	965.359223301	618	9	30
Sample4CEas	70.72934	1108.25	677	9	30
Sample4CWes	60.60785	892.682926829	540	9	30
Sample4CXXX	66.15623	975.733333333	590	9	30
Sample4CZeb	63.19547	1056.54878049	587	9	30
Sample4DEas	70.56067	1023.39130435	659	9	30
Sample4DOne	66.33813	1042	600	9	30
Sample4EOne	60.58443	968.387096774	575	9	30
Sample5a10WPM	56.1841	855.782608696	562	9	10
Sample5a5WPM	48.65232	860.888888889	547	9	5
Sample5ARem	66.55388	1067.56164384	592	9	40
Sample5ASea	67.14146	938.189873418	566	9	40
Sample5ATea	64.88061	922.117647059	553	9	40
Sample5AXXX	68.93141	1096.60273973	588	9	40
Sample5AZeb	67.83404	1212.01351351	614	9	40
Sample5b5WPM	59.32161	952.142857143	629	9	5
Sample5BRem	68.1461	1097.75903614	617	9	40
Sample5BSea	72.16216	1107.12264151	664	9	40
Sample5BTea	64.05057	913.8	531	9	40
Sample5BXXX	62.48968	903.563218391	560	9	40
Sample5BYes	65.24352	1000.73863636	585	9	40
Sample5CYes	77.74343	1057.25	696	9	40
Sample5CZeb	68.96229	1088.57894737	629	9	40
Sample6ARem	64.96872	968.5	589	9	50
Sample6ASea	60.96395	759.875	518	9	50
Sample6ATea	68.18604	929.041237113	603	9	50
Sample6BRem	69.59397	998.505617978	626	9	50
Sample6BSea	63.09294	990.666666667	559	9	50
Sample6BTea	70.27363	894.367346939	609	9	50
SampleFiEas	67.32697	1035.5	638	9	40
SampleFiiEas	71.68879	1131.11111111	679	9	40
SampleFiiiRem	55.73011	660.549019608	408	9	60
SampleFiiiYes	64.11011	915.512195122	551	9	50
SampleFiiOne	65.75414	1058.34831461	610	9	40
SampleFiiWes	76.29834	1227.703125	756	9	40
SampleFiOne	64.35787	1030.0952381	631	9	40
SampleFivSea	62.40007	833.378787879	475	9	60
SampleFivTea	49.64774	571.548387097	384	9	60
SampleFiWes	65.70428	866.78313253	555	9	40
SampleFiXXX	66.08093	966.545454545	597	9	50
SampleFiYes	63.86086	936.304347826	531	9	50
SampleFiZeb	66.01155	991.542168675	589	9	50
SampleFviiiXXX	63.83275	922.092105263	551	9	50
SampleFviiSea	55.14609	688.551724138	420	9	60
SampleFviZeb	64.73932	944.012048193	575	9	50
SampleFvRem	53.1771	653.050847458	395	9	60
SampleFvTea	49.62915	526.357142857	360	9	60
Samplep1bEJP	66.68734	1095.10526316	654	9	20
Samplep2aEJP	64.06823	995.14159292	647	9	20
Samplep3cEJP	60.64793	1156.65822785	604	9	20
